  0.0895087    0.0484221    -0.088701   0.0872876    0.0980644    0.0438791    -0.0480038   0.00448713   -0.0510386   0.0616947     0.0281611     0.041915     -0.049576    0.0162275    0.0771146    0.0437718
 -0.0873075   -0.0367512    0.0674951   0.0288192   -0.0413338   -0.0910805    -0.0262474   -0.0469995    0.0540325   0.0513813     0.0743287   -0.0128483     0.0825983   -0.0603876   -0.0349272    0.0269803
   0.020898   -0.0581087   -0.0104182   0.0847801    0.0510473   -0.0239138     0.0375159    0.0542745    0.0452969  -0.0134563     0.0609094   -0.0758594    -0.0445943   -0.0242957   -0.0929882    0.0956885
   0.063637   -0.0128997     0.025682  -0.0731367    0.0316179    0.0386491     0.0360146    0.0343597   -0.0561582   0.0926997      -0.01792   -0.0826246    -0.0354991    0.0187924   -0.0369117   -0.0850654
   0.100514    0.0352233   -0.0452249   0.0732337   -0.0386776    0.0874725    -0.0697153    0.0745163    0.0134191   0.0222487     0.0110717   -0.0711559  -0.000754692   -0.0233143     0.067317  -0.00853684
 -0.0269082    0.0779725    0.0991026  -0.0498254    0.0898471   0.00229466     0.0511007   -0.0495338   0.00692677  -0.0167236    -0.0410199    0.0369302    -0.0214283    0.0637233  -0.00217897    -0.090794
  -0.018743   -0.0282116    0.0459855   0.0728121   0.00393287   0.00187059    0.00819173   -0.0474293   -0.0805598  -0.0802529     -0.069505   0.00556537     0.0512013    0.0282926     0.014763    0.0259123
 -0.0464319   -0.0148841   -0.0801579   0.0259719   -0.0900095   -0.0653215    0.00912544    0.0227197    0.0549724  0.00475541     0.0665469   -0.0624583    -0.0608865    0.0662722   -0.0867493   -0.0803618
  0.0920162  -0.00447145    0.0500994  -0.0368796    0.0692761   -0.0219256  -0.000730135    0.0976443    0.0712442  -0.0158613     0.0193377    0.0448888     0.0609548    0.0646935    0.0442171   -0.0889821
 0.00958511   -0.0872948    0.0914205   0.0556963   -0.0296689   -0.0620073    -0.0617989   -0.0499919     0.049133   0.0968063     0.0364374   -0.0850159     0.0822128   -0.0431548   -0.0827556   -0.0140728
  0.0300036   -0.0807656    0.0746745   0.0689728   -0.0172206    -0.093481     0.0149408    0.0281554   -0.0617846   0.0486213     0.0832019    0.0777724     0.0919937    0.0361738   -0.0776702   -0.0734762
 -0.0500232   -0.0994545   -0.0703273   -0.040874    0.0210048   -0.0417844     0.0128579   -0.0869459   -0.0797236  -0.0189352     0.0590473    0.0826325     0.0904733   -0.0702339   0.00209333   -0.0410384
 -0.0722023    0.0249826   -0.0701338  -0.0236247   -0.0731964    -0.096644    -0.0348911   -0.0725018   -0.0690452  -0.0127192    -0.0424254   -0.0277415      0.049762   -0.0529368    0.0141076    0.0884603
 -0.0902299   -0.0833011   -0.0436973  -0.0257889   -0.0897072     0.061076    -0.0349443    0.0560543   -0.0372046   0.0268332     0.0619336    0.0455676    -0.0515099    0.0202943   -0.0188914    0.0188107
  0.0121358  -0.00265283     0.089628   0.0128112   -0.0785847    0.0941171     0.0480097   -0.0686281   -0.0115572   0.0667848    -0.0502042    0.0407452    -0.0383638   -0.0825167   -0.0550604    0.0941721
  -0.088326   -0.0146055     0.097354   0.0509483   -0.0815245    0.0616711     0.0579109    0.0204022    0.0632707  -0.0241491    0.00982583   -0.0180103     0.0770398    0.0570018     0.076466    0.0534478
  0.0414508   -0.0832396    0.0966811  -0.0186665    0.0893063   -0.0783519    0.00681484   -0.0570704    0.0216596   0.0945976     -0.079401   -0.0846427     0.0991547   0.00579069     0.016994    0.0513955
  0.0137832    0.0957141    0.0194999  -0.0808124  -0.00498564     0.034904    -0.0683714    0.0925577   -0.0419084    0.019079    -0.0546875    0.0494446    0.00999244      -0.0928   -0.0266702    0.0872974
 -0.0156981   -0.0718208    0.0982759   0.0115731   -0.0765179   -0.0359059   -0.00533864   0.00813347  -0.00281493   0.0684397     0.0422588   0.00507557     0.0655417    0.0728163    0.0928318    0.0305942
  -0.051331    0.0807519   -0.0660075   0.0643977   -0.0541833   -0.0181252     0.0636475   -0.0112932    0.0310976  0.00193307    -0.0414213  -0.00653945     -0.088578    0.0868784    0.0472693     -0.07194
 -0.0835129   -0.0111852    0.0489095   0.0470846   -0.0103168    0.0298017    -0.0839976     0.010956    0.0969562   0.0644695    -0.0118455   -0.0125279    -0.0124984    0.0368695   -0.0475194   -0.0811497
  0.0577239  -0.00742217    0.0546165   0.0180086   -0.0611089    0.0468641     -0.062109   -0.0770815  -0.00729548   0.0629993    -0.0625376    -0.085317    -0.0125723    0.0846858    0.0949895   -0.0229844
  0.0576505   0.00401701    0.0811996   0.0739353    0.0591836   -0.0492775    -0.0824003   -0.0465413   -0.0511876   0.0174514    -0.0233786   -0.0987551    -0.0568943    0.0642139    -0.093902   -0.0253898
 -0.0679083   -0.0453086   -0.0224603   0.0972076    0.0793872    0.0436396     0.0224245    0.0243882     0.098056   0.0699575     0.0853752  -0.00366681     0.0148481    0.0899554  -0.00683496   -0.0895435
  0.0886615    0.0484636   -0.0578943  -0.0855228     0.098135   -0.0562782     0.0437562   -0.0354662    0.0907808   -0.069601     0.0575856    -0.078358    -0.0456713   -0.0924301   -0.0686357    0.0400728
  0.0477858    0.0402981    -0.102199  -0.0459789    0.0768634    0.0595913    -0.0475896    -0.050626    0.0605292  -0.0212364    -0.0736434    0.0570753      0.031289    0.0224987    0.0834563    0.0907884
  0.0703824   -0.0423656   -0.0641983  -0.0904558    -0.066657   -0.0876634     0.0379369    0.0326322    0.0890652   0.0136858     0.0606199   0.00271707     0.0470434    0.0685389    0.0540109    0.0562604
 -0.0633111     0.052867   -0.0893728   0.0861742   -0.0889589    0.0880046     0.0843056    0.0650155     -0.06291   0.0635451     0.0146398    0.0074401    -0.0431474   0.00294522    0.0741293   -0.0691464
 -0.0648348    0.0737299   0.00672653   -0.048098    0.0162601    0.0289979    -0.0314973    0.0216039    0.0885978  -0.0514366  -0.000643786    0.0467214    -0.0829458    0.0170833   -0.0276543    -0.099185
-0.00487982   -0.0694107    0.0823434   -0.086764    0.0587611   -0.0294376    -0.0461163   -0.0555176    0.0965213  -0.0511049    -0.0803043   -0.0748357      0.034398   -0.0852917    0.0864906   -0.0281365
  0.0285412     0.080281   -0.0525493   0.0990902    0.0194917   -0.0769565     0.0362955   -0.0355403    -0.078096    0.037817    -0.0186637   -0.0817375     -0.082612   -0.0586646    -0.057706   0.00662513
 -0.0963922      0.04354   -0.0519672  -0.0598362   -0.0238813   0.00296571    -0.0486788   -0.0926119    0.0195961  -0.0203416    -0.0523475  -0.00356986    -0.0464605   -0.0674065    0.0128656   -0.0251421
  0.0851589  -0.00793524    0.0482308  -0.0145764    0.0750652   -0.0945774    -0.0641845    0.0486854    0.0358536   0.0305382     0.0719127   -0.0737851     0.0732464    -0.103528    0.0774017    0.0185392
 -0.0898601   -0.0570494   -0.0767938  -0.0486955   -0.0465424   -0.0229491     0.0975954    0.0918057    0.0999935   0.0442092   -0.00622805    0.0680658     0.0681482   0.00495372    0.0684707    0.0434046
 -0.0390302    0.0502293    0.0563205  -0.0155633   -0.0713015    0.0372386    -0.0910051  -0.00852236    0.0399309   0.0719229    -0.0190305    0.0811839     0.0441076   -0.0209613   -0.0297492    0.0778909
 -0.0754303    -0.030085   -0.0474044  -0.0263864    0.0327969   -0.0845788     0.0549343  -0.00625652    0.0754661  -0.0373544     0.0468193    0.0806606     0.0692898   -0.0713636    -0.096558   -0.0171897
   0.041319   -0.0728276    0.0634552  -0.0203113    0.0814724   0.00623438    -0.0835713    0.0598388    0.0137511  0.00555441     0.0162773   -0.0893807    -0.0427258   -0.0322421   -0.0764789    0.0901748
 -0.0190762  -0.00144431  -0.00696686  -0.0780285    0.0282029    0.0357705    -0.0946492    0.0907123   -0.0463647  -0.0246626    -0.0385726    0.0108102     0.0731753    0.0479624   -0.0224725  -0.00162643
  0.0373879   -0.0569216   -0.0843389  -0.0892495   -0.0571171      0.06419    -0.0622298     0.013758   -0.0807835   0.0100268    -0.0628383   -0.0168892     0.0194338     0.097192    0.0232981    0.0904858
  0.0453893   0.00488632    0.0882381   -0.041432   -0.0873752  -0.00932308     0.0541761   -0.0110845    0.0274569  -0.0701188     0.0533516   -0.0509843     0.0385193    0.0538172   -0.0612502    0.0122457
  0.0290192    0.0804427    0.0756571   -0.033142   -0.0624689     0.034856    -0.0439692   0.00816605   0.00908562  -0.0744194     0.0653386   0.00757785     0.0352509   -0.0199757    0.0381292    0.0203244
  0.0977228    0.0726412   0.00612411  -0.0957169    0.0242608    0.0506127     -0.046779    0.0217536    0.0146072   0.0324805    -0.0162983   -0.0352632     -0.024155    0.0472685    0.0984119    0.0708651
   -0.03171    0.0428555   -0.0829182  -0.0759367   0.00930679      0.07092     0.0395025    0.0505735   0.00422523  -0.0326599      0.094761    0.0813859     0.0952688    0.0558401   -0.0847776    0.0286913
  0.0636692   -0.0338914    -0.091495   0.0890831   -0.0953712   -0.0691957     0.0262557    0.0451028    0.0233142  -0.0970143     0.0708175   -0.0565842    -0.0642219    -0.016933    0.0669267    0.0367127
 -0.0880727    0.0952738   0.00778533  -0.0432249   -0.0107761   -0.0963465      0.076458   -0.0461752   -0.0789951  -0.0144481    -0.0395696     0.040385      0.024771    0.0868343   -0.0315207    0.0360455
  0.0859618    0.0323033    0.0628325   0.0366745   -0.0368995    0.0121653   -0.00983946   -0.0210918    0.0859505   0.0675313     0.0659012   0.00714131     -0.031433    0.0845633   -0.0721657   -0.0553269
  0.0431955   -0.0800514   -0.0734829  -0.0950582   -0.0264663   -0.0351558    -0.0604366    0.0351911    0.0844494   0.0461213     -0.040738   -0.0953338    -0.0956472   -0.0731365   0.00233822   0.00737036
 -0.0119698   -0.0653766    0.0695502  -0.0282811    0.0471694   -0.0187942    -0.0939333    0.0776483   0.00215454  -0.0670413    -0.0954842    0.0466314     0.0466906  -0.00974777   -0.0674039  -0.00428809
-0.0103692  0.0286798  -0.0529398  0.0131679  0.0351728  -0.0907946  -0.0626535  -0.10491  -0.115581  -0.0981676  -0.000304819  0.0447659  -0.100373  0.0710024  0.0415713  0.057256  0.0344937  -0.0840149  -0.0395254  -0.0245006  -0.0229864  0.0545375  -0.0874323  -0.107865  -0.10271  -0.0626303  0.066767  -0.0897072  -0.0809608  -0.042822  -0.034815  0.0443064  0.00619589  0.0375867  -0.044893  -0.0391531  -0.0489031  -0.0478232  -0.0688598  -0.0440639  0.0463085  -0.0512652  -0.0103962  -0.0796922  -0.115487  -0.126658  0.040338  -0.100205  0.00688017
