   0.0753828   -0.00838182   -0.0653046   -0.0601212   -0.0891692    0.0556468    0.0854332    -0.043775   -0.0897079     0.0818823   -0.0841474    -0.0155273  -0.000902017   -0.0429052   -0.0724031   -0.0161765
  0.00688486    -0.0640348   -0.0086044   -0.0800846  -0.00689193    0.0331314   -0.0041515    -0.070445     0.084538     0.0107998   -0.0742776    -0.0993111    -0.0239158   -0.0243307    0.0528579   -0.0804322
   0.0715487    -0.0418324   -0.0640982   -0.0249302    0.0888961   -0.0107439    0.0492945   -0.0371721   -0.0875161      0.080611   -0.0858451    0.00876737     0.0855927    0.0723405   -0.0795206   -0.0442439
   0.0876306    -0.0185164    0.0702079  -0.00942001    -0.021304    0.0503367    0.0338679   -0.0910981   -0.0772156    -0.0549634     0.061117    -0.0449558     0.0120938   0.00124184   -0.0376326   -0.0362143
 -0.00894064     0.0996209   -0.0670779      0.08754    0.0239763    0.0820016    0.0403036    0.0626234  -0.00728362     0.0659703   -0.0152181     0.0227953    -0.0513129    0.0437979   -0.0907918    0.0466729
  -0.0101628    -0.0305886   -0.0510715    0.0477601    -0.012184   -0.0153426   0.00968511    -0.037469    0.0616335    -0.0735684    0.0870755    -0.0956148      -0.01097    -0.026542    0.0517609   -0.0563649
   -0.022011    -0.0851942   -0.0785721    0.0892304   -0.0377102   0.00146753    -0.072039    0.0279735    0.0868103     0.0872467   -0.0485584    -0.0140704     0.0702057  0.000692678    0.0523971   0.00802794
  -0.0831571      0.109702    -0.091445    0.0223552   -0.0957044    0.0215549    0.0310646    0.0257877     0.067018     0.0505824    0.0535726     0.0571197    -0.0710458  -0.00284259    0.0350969   -0.0203739
  -0.0377379     0.0831426    0.0272816    0.0249515   -0.0762725    0.0593169   -0.0811815   -0.0820118  -0.00165898   -0.00594428   -0.0413147     0.0755086     0.0749051    0.0225769   -0.0655257  -0.00465234
  -0.0419221     0.0545941   -0.0700871    0.0675369   -0.0228413    0.0188649   -0.0129198   -0.0329558   0.00330683     0.0634211   -0.0226541     0.0727197      0.083917  -0.00178044    0.0185318   -0.0926695
  -0.0575752     0.0829491    0.0730629   -0.0185641    0.0912946   -0.0531884    0.0953716   0.00346952   0.00761341    -0.0843176    -0.029703     0.0480192      0.107961   -0.0733491    0.0208557   -0.0385511
  -0.0660903     0.0870056   -0.0570843    0.0807036    0.0849031   -0.0305112   -0.0579932   -0.0415757    0.0236004     0.0946264    0.0426752    -0.0553406     0.0265123    0.0955032    0.0416222    0.0682606
  -0.0190808     -0.042226    0.0165894    -0.096817   -0.0329942     0.016872   -0.0671659   -0.0346711    0.0729586    0.00605586   -0.0818568     0.0191135    0.00722615    0.0374894    0.0579087    0.0113294
  -0.0345563      0.041413    0.0577304   -0.0347468   -0.0436171    0.0126205    0.0361117   -0.0774831   -0.0300609    -0.0553401   -0.0472428    -0.0428215      0.093322   -0.0816272    0.0301884    0.0796619
   0.0415624    -0.0494397     0.048246    0.0150927    0.0620276    -0.049993   -0.0857355    0.0121938    -0.093279     0.0521389   -0.0761196     0.0368824      -0.10481   -0.0470761    0.0838997    0.0319266
   0.0288288     0.0965028   -0.0903354   -0.0385494   -0.0767667    0.0476782    0.0787077     0.080681    0.0980751    -0.0255319    0.0818964    -0.0920417     0.0774681   -0.0121635   -0.0114878    0.0391529
   0.0986034     0.0138147     0.061384    0.0545919   0.00406456  -0.00138704    0.0450462    0.0540472   -0.0475219     0.0621589    0.0134009    -0.0144758    -0.0133243    0.0962398   -0.0300868    0.0253944
 -0.00832512     0.0483485    0.0621298   -0.0939804    0.0210404    0.0243693      0.06675    0.0377615    0.0706573     0.0849655    -0.066143     0.0052642    -0.0434915    -0.030981    0.0377329    0.0984467
   -0.045218    -0.0264936    0.0691689   -0.0122869   -0.0757636   0.00207384   -0.0360873   0.00780071     0.072335     0.0866683   -0.0335226   -0.00506387     0.0157546   -0.0207428    0.0129744   -0.0175887
   0.0991916     0.0608269    0.0664438   -0.0539958   -0.0220014    0.0930643   -0.0980604   -0.0826658     0.037293    0.00508044   0.00971605    -0.0530927    -0.0745878  -0.00534414    0.0781588   -0.0127041
   0.0312651     0.0652153    0.0663702   -0.0388378   -0.0421544   -0.0948644  0.000472694  -0.00875788    0.0364154     0.0180632  -0.00159837    -0.0611843    -0.0981943  -0.00563559    0.0182415   -0.0797181
  -0.0345492     0.0733386   -0.0691575    0.0131606    0.0772267   -0.0083546    0.0619859   -0.0280552   -0.0104843    -0.0933274    0.0573611    -0.0380103     0.0482661  -0.00593285   -0.0108973   -0.0923798
   0.0467003     0.0183997     0.028484    0.0606326    0.0336116    0.0263214   -0.0369187     0.049549    0.0317524    -0.0346646   0.00336432     0.0762741    -0.0146074   -0.0976624    0.0889756   -0.0754776
  -0.0696928      0.120332   -0.0555436    0.0935707    0.0587848   0.00595189    0.0966779    0.0942685    0.0778875    -0.0836109    0.0466634    -0.0680379      0.120505   -0.0728489   -0.0882301   -0.0675053
   0.0519369       0.10502    -0.010221   -0.0559595     0.032412   -0.0418288    0.0649705    0.0648261    -0.050532    -0.0685681   -0.0395978   -0.00368854      0.113134   -0.0929657    0.0694402   -0.0622235
   -0.031236    -0.0013797    0.0454673   -0.0571484     0.094497   -0.0492383    0.0282382    0.0725839    0.0687633     0.0257957    0.0198429       0.02017     0.0634213   -0.0566727  -0.00478588    0.0456133
  -0.0450692     -0.106617    0.0304241    0.0727172  -0.00484458    0.0490892  -0.00603909   -0.0734773   0.00911821    -0.0428862    0.0360899   -0.00543063     0.0726735   -0.0919736    0.0783816     0.093507
   0.0580651     0.0188905   -0.0198735    0.0575024    0.0546915    0.0454306    0.0684199   -0.0303212    0.0631688     0.0187346   -0.0564511      -0.05798   -0.00734652    0.0854118     0.066488    0.0500114
   0.0462852     0.0735018   0.00358315    0.0705953     0.070852    0.0420594   -0.0470799   -0.0852044   -0.0153673      0.086598    0.0920927    -0.0235345     0.0917515    0.0131943    0.0418599    0.0261116
  -0.0160935     0.0814245   -0.0390204     0.051055   0.00141807   -0.0390512    0.0585503   0.00492975     0.035869    -0.0625374   -0.0473694     0.0853212    -0.0719958   -0.0266889    0.0710106    0.0448315
  -0.0315724    -0.0630743   -0.0254128   -0.0239675    0.0922447     0.104409   -0.0678402    0.0471247   -0.0184955      0.064399    0.0783934     0.0938464      0.124049    -0.087291    0.0054228    0.0174867
  0.00298997     0.0892644   -0.0141944    0.0282022   -0.0562569      0.01013    0.0497389   -0.0347605   -0.0642154  -0.000361863   -0.0985317    -0.0717956    -0.0386424    0.0122596   -0.0779207    0.0313025
  -0.0511116     0.0229783   -0.0570526   -0.0619803  -0.00685485    0.0898155   -0.0660089   -0.0944032   -0.0737531   -0.00488312    0.0804794     0.0105774     0.0425259   -0.0691467    0.0497988   -0.0315553
   0.0693329     0.0861004   -0.0443722    0.0798728   -0.0797644   0.00699978    0.0348273   -0.0929864    0.0538247    -0.0168119   -0.0729721     0.0150121    -0.0802528   -0.0518148    0.0570204    -0.038341
   0.0522929     0.0637745    -0.020966    0.0417992   -0.0945051    0.0881369   -0.0509971    0.0201747    -0.086134    -0.0877084    0.0705131     0.0537485    -0.0324686   -0.0350828   -0.0491127    0.0586987
   0.0438343    -0.0652721   -0.0230845   -0.0051405   -0.0711541   -0.0783312   0.00595237   -0.0683204    0.0406778     0.0107981   -0.0913556   -0.00889553    -0.0929843     -0.05005   -0.0761457   -0.0511454
  -0.0183094     0.0994171    0.0833455  -0.00195594    0.0641731     0.104169   -0.0902028   -0.0396732   -0.0898791   -0.00857179    0.0641284    -0.0474641    0.00544974   -0.0797543     0.078041    0.0565626
-0.000362118    0.00899507    0.0882424   -0.0890427    0.0216361    0.0411985    0.0664142    0.0100222   -0.0373683    -0.0166549   -0.0574344    -0.0704943     0.0898338    0.0611586    0.0460991   0.00400185
   0.0872285    -0.0366424    0.0699122    0.0299872    0.0816949   -0.0526063   -0.0359532    -0.062898   -0.0763062     0.0381944    0.0430626     0.0800021    -0.0446309  -0.00669156   -0.0675202     0.035114
    0.047428  -0.000673328   -0.0339354   -0.0684471      0.05162   -0.0789464   -0.0768696    0.0819484  -0.00860604   -0.00211951    0.0641871    -0.0736688     -0.113717    0.0210018   -0.0833706    0.0461606
  -0.0724345     0.0169392     0.083189    -0.044796     0.018835   -0.0288287    0.0231706    0.0750882   0.00108531    -0.0911973   -0.0740746     0.0303575      0.115715     0.091027   -0.0887012  -0.00518125
  -0.0864366    -0.0698632   -0.0544269   -0.0947288   -0.0662468   -0.0599682    0.0400322    0.0476194   -0.0123424      0.056879   0.00247812    -0.0885356    -0.0853383   -0.0837716    0.0252722   -0.0668592
  -0.0297251     0.0225957    0.0493779    0.0798361   -0.0697442   -0.0559965     0.037621   -0.0413353    -0.045291    -0.0777448    0.0993406    -0.0471663    -0.0128408   0.00838661    0.0544265    0.0320134
   0.0103854     0.0951781  -0.00356028   -0.0750517    0.0917582   -0.0329151   -0.0505056     0.005905   -0.0693939    0.00138833   -0.0811332     0.0613314   -0.00580836    0.0910175   0.00154826  -0.00330707
   0.0168954   -0.00445296    0.0357576    0.0870304    0.0844294    0.0989896   0.00334646    0.0488875    0.0826465    -0.0752412    0.0420653   -0.00450854      0.115534   -0.0538227    0.0495964   -0.0202947
   0.0118782     0.0641347    0.0198653   -0.0722942   -0.0140452  -0.00421436  0.000168574   -0.0194228   -0.0864343     0.0585083    0.0226358  -0.000375214      0.119567   -0.0595468   0.00196967    0.0580632
   0.0983849    -0.0218113    0.0850509   -0.0457457    0.0262217    0.0975526     -0.09957   -0.0235603    -0.087511    -0.0659223   0.00688548    -0.0913773    -0.0598575   -0.0470397   -0.0287611   -0.0181246
  -0.0220398     0.0484554    0.0679646    0.0177087   -0.0709615    0.0919298   -0.0528671   0.00531431    0.0719975    -0.0731187    0.0804272    -0.0537562     0.0784072    0.0824697   -0.0582574    0.0368812
0.165967  0.0406374  0.00437386  0.166024  0.0394176  0.118732  0.0518067  0.0138117  0.123346  0.0989437  0.0726467  0.123884  0.13389  0.0404424  0.0665116  -0.0331909  0.089866  0.125461  0.123345  0.00569706  0.0716235  -0.052282  0.0471042  0.00321184  0.231756  0.155962  0.0931135  0.0263033  0.0840628  0.138666  0.070355  0.189403  0.0519765  0.0410345  0.0743437  0.0164313  -0.0308067  0.165488  0.0515644  -0.0216472  -0.0360775  0.161201  -0.0272358  0.000634738  0.120336  0.207827  0.166528  0.032161  0.0462884
