 -0.0933303   -0.0479407   -0.0731437   0.00932092    0.0604279    0.0980038   0.00250174  -0.0426597  -0.00194124    0.0487506    0.0576324   -0.0206597      0.09918    0.0737222    -0.0545311     0.090598
 -0.0576597    0.0828877   0.00555996    0.0881664   -0.0121455   -0.0107633   -0.0933942  -0.0176325   -0.0785096     0.090131    0.0443065    0.0375715   -0.0376696  -0.00998031    -0.0845295   -0.0331479
-0.00176872    0.0713256    0.0917808   -0.0334201   -0.0739091    0.0339889   -0.0744526   0.0157695    0.0776844   -0.0275834   -0.0773515   0.00582475   -0.0246476    0.0713396   -0.00211994     0.008894
 -0.0831124    0.0398188    0.0648064  0.000695452     0.019581    0.0752389   -0.0757732  -0.0728189    0.0425961   -0.0922444    0.0588644    0.0199807   -0.0471398   -0.0315762     0.0435726   -0.0875118
 -0.0201013  -0.00246014    0.0988571     0.093424   -0.0803967   -0.0175145  -0.00902976  -0.0255128    0.0191013   -0.0766438    0.0869821    0.0769849    0.0926398   -0.0557816    -0.0502345   -0.0713225
 -0.0201409   -0.0052753   0.00207322    0.0507454    0.0769739     0.104826    0.0758182  -0.0626163   -0.0115368    0.0108301   -0.0387483    0.0948425    0.0552652   -0.0788307    -0.0190809  -0.00666345
 -0.0198292    -0.084508    0.0100625    0.0623614    0.0958899   -0.0338896   -0.0184477  -0.0754165   -0.0948887    0.0390299   -0.0669084    -0.050533    0.0782248    0.0800149     0.0108922  -0.00869686
  0.0782095   -0.0451151    0.0104316   -0.0982431   0.00125257   -0.0044477   -0.0730434     0.05444    0.0333843    0.0614415    -0.073669   -0.0208442    0.0769709   -0.0889838    0.00702513   -0.0163516
  0.0544348   -0.0659218    0.0186159    0.0541824    -0.017737   -0.0734346   -0.0787691   0.0246248    0.0722771   -0.0420939    0.0403108    0.0876529    0.0113538    0.0328256     0.0506851   0.00353933
 -0.0635657   -0.0724498    0.0829118  -0.00464038    0.0770359    0.0168928   -0.0153808  -0.0937469   -0.0369577  -0.00506954    -0.047899    0.0450384   -0.0684985    0.0313361     0.0262818    0.0658186
 -0.0831049   -0.0257116    0.0726841    0.0587473  -0.00484406   -0.0739155   -0.0113435    -0.02365    0.0287971   -0.0660156   -0.0142948    0.0668144    -0.080864   -0.0723099    -0.0244331    0.0756165
  0.0708281   -0.0240959  0.000735994    0.0830758    0.0783169    0.0234044   -0.0667815   0.0486882    -0.080182    0.0380216    0.0721431    0.0802664    0.0391016    0.0270142    -0.0855003   -0.0781658
  0.0227349   -0.0167539    0.0308627   -0.0272269    0.0417854   -0.0916236  -0.00308236  -0.0808596   -0.0495802    -0.017808    0.0988732   -0.0605246   -0.0449276   -0.0269348     0.0772772    0.0694219
   0.062017   -0.0369295   -0.0349002   0.00369726   -0.0616021    0.0618378    0.0450224  -0.0905075   -0.0208172   -0.0162507    0.0152722  -0.00427834     0.112067    0.0196692    -0.0269449    0.0449801
 0.00019407    0.0919487   -0.0552429    -0.030211   -0.0704241    -0.026145   -0.0956456   0.0642361    0.0291457   -0.0561644   -0.0640771   0.00967902    0.0676252   -0.0323288     0.0954341   -0.0891554
  0.0714142    0.0717769    0.0567612    0.0393087   -0.0138024     0.045499    0.0944537   -0.035804    -0.030494    0.0260289    0.0826494     0.023448   -0.0245275    0.0823611      0.028599  -0.00550472
  0.0740174     0.094634    0.0246852   -0.0801486    0.0293763    0.0868397   -0.0341853   0.0367252    0.0112527  0.000702235   0.00316438  -0.00119036    0.0265548   -0.0734201     0.0206733   -0.0151229
  0.0341556   0.00380964    0.0882278   -0.0681326   -0.0857641   -0.0455406   -0.0473953  -0.0944362     0.062309    0.0474024   -0.0778896   -0.0589815   -0.0366657   -0.0322724    0.00823556   -0.0848163
-0.00223775   -0.0768605    -0.013805   -0.0579342   -0.0565124     0.109188   0.00129862  -0.0968511    0.0824864   -0.0575774   -0.0090338    0.0653059    0.0845839    0.0224493    -0.0352381   -0.0614291
  -0.058345   -0.0835426   0.00626178   -0.0498587    0.0561026    0.0237544   -0.0306661  -0.0885973    0.0639538   -0.0742504    -0.061378  -0.00491924   -0.0676791   -0.0734886     0.0938826   -0.0163741
  0.0214745    0.0141355    0.0987045   -0.0133792  -0.00770153    0.0149625  -0.00556676  -0.0704844   -0.0623507   -0.0873609      0.06233   -0.0596978     -0.09021   -0.0582835      0.059675   -0.0975524
 -0.0749185  -0.00611035    0.0089279   -0.0656428    0.0386622  -0.00876201   -0.0817875  -0.0718645   -0.0207208    0.0689732   -0.0423623    0.0073204    0.0517033   -0.0818662   -0.00299416     -0.01832
  0.0920415    0.0632472   -0.0601148   -0.0412979    0.0526658    0.0272267    -0.081995  -0.0771146     0.024455    0.0213722    0.0112033    0.0717381    0.0830037     0.098938    -0.0187033  -0.00736685
 -0.0902222   0.00923319    0.0747096    0.0900209    0.0823043   -0.0709838    0.0842653  -0.0421582   -0.0844347    0.0410688   -0.0645699    0.0219354  0.000608717   -0.0968444    -0.0335802    0.0586221
 -0.0555487    -0.106332    0.0625637   -0.0401066   -0.0306898    0.0560976  -0.00943174  -0.0910488   -0.0870367    0.0570411   0.00266943   -0.0442268  -0.00931659    0.0690383     0.0760999   -0.0853127
  0.0989604    0.0906469   0.00698015    0.0496958   -0.0922518    0.0326248   -0.0420554   0.0990265    0.0381163    0.0758631    0.0790495  0.000434819   -0.0695956    0.0233361    -0.0547156    -0.086884
  0.0441488   -0.0182411    0.0300667   -0.0328565    0.0400086     0.053198   -0.0173652   0.0807274    0.0688933    -0.026883   -0.0173942   -0.0976352    0.0188726    0.0705226    -0.0404246   0.00724819
 -0.0954925   -0.0276207   -0.0483588    0.0116954   -0.0616002    -0.028496   0.00377036  -0.0377483    0.0322486    0.0909824    0.0161991   0.00948932    0.0817761   -0.0652108     -0.041842   -0.0573428
 -0.0640428    0.0054042   -0.0153672    0.0390724   -0.0417416   -0.0563646   -0.0713604   0.0680291    -0.058268   -0.0479401    0.0729815    0.0963422   -0.0643899   -0.0854792     0.0205641    0.0931866
  0.0104639    0.0679715    0.0614764    0.0921354   0.00337092     0.102995   -0.0744115  -0.0970249   -0.0931839    0.0535101     0.063729   -0.0290179    0.0807373   -0.0625193    -0.0757354    0.0597076
  0.0291208    0.0602156   -0.0773743    0.0621836    0.0490994   -0.0515791   -0.0737897    0.045705     0.100691   -0.0699676     0.035437   -0.0331637    0.0132905    0.0855056     0.0971867    0.0163027
  0.0356085   0.00582913   -0.0187942   -0.0836585    0.0332008      0.01799   -0.0339204    0.036252   -0.0435496    -0.011779   -0.0354125   -0.0031503   -0.0110688   -0.0694737     0.0507394   -0.0633654
 -0.0159393    0.0676033    0.0705757    0.0570263    0.0602295    0.0252894    0.0390941   -0.054775   0.00522886    0.0655853   -0.0123325     0.035801   0.00723648    0.0769893     0.0677109    0.0546794
0.000511289    0.0454611   -0.0214572  -0.00984303    0.0980535   -0.0276748    0.0688456  -0.0730823   0.00190019    0.0585494    0.0615343   -0.0512014    0.0625048   -0.0733459     0.0879452   -0.0697983
 0.00190612   -0.0480712    0.0457532    0.0285211    0.0755937    0.0990567    0.0515391   0.0706758   -0.0652717    0.0448422    0.0761818     0.099961    0.0879093     0.031721  -0.000563659    0.0421703
  0.0282638   -0.0668875    0.0581338   -0.0561684   -0.0119798    0.0260556   -0.0854538   0.0309749   -0.0320696    0.0644508    0.0773578    0.0963061    0.0951967     0.067235    0.00317039   0.00559935
 -0.0231084    0.0457679   -0.0910315    0.0637822     0.023569    0.0632489    0.0400203   0.0175577    0.0713547   0.00867906    0.0858953   -0.0743167     0.063857   -0.0464137    -0.0350963   0.00662831
 -0.0198486     0.057223   -0.0279253    0.0349501   -0.0902492    0.0152198      0.03359    0.094093   0.00778323   -0.0855495    0.0674619     0.073264   -0.0563445    0.0819227    -0.0267143  -0.00563838
 -0.0598588    0.0582655    0.0332197   -0.0758744   -0.0971876   -0.0290973   -0.0781989   0.0245541    0.0184977   -0.0933953   -0.0748837   0.00480972    0.0158038    0.0192414     0.0132296   -0.0103222
 -0.0222148    0.0462268   -0.0664682    0.0864811   -0.0360063    -0.076395   -0.0232991   0.0670301   -0.0842218    0.0342998      0.06742    0.0435074    0.0288736    0.0294247     0.0128223    0.0313217
  0.0973591    -0.007781    0.0733941    0.0137708   -0.0235102   -0.0196549   -0.0546673  -0.0901123    -0.011332    0.0111692    0.0101249   -0.0101608    0.0721874   -0.0131836    -0.0463127   -0.0164138
 0.00663043    0.0244707   -0.0391676   -0.0525878    0.0766083    0.0396212   -0.0439601  -0.0424847     0.087556    0.0407866   -0.0434554    0.0816048    -0.111694   -0.0218764     0.0127021     0.073488
  0.0240817   -0.0838312    0.0162797    0.0225263    0.0987858   -0.0440495    0.0865229   0.0745443    0.0736414   0.00304474    0.0634589   -0.0231447   -0.0662886   -0.0559315     0.0132479   -0.0400788
 -0.0830016    0.0944408   -0.0294925   -0.0393562   -0.0769051    0.0712439    0.0214054  -0.0420628  -0.00694999    0.0477223    0.0924133   -0.0709435     0.018384   -0.0560066     0.0989113    0.0163512
  0.0703987   -0.0529551    0.0673225  -0.00598248    0.0108229  -0.00966734   -0.0212794  -0.0250258   -0.0923001     -0.05283  -0.00300852    0.0814454    0.0747143   0.00826678     0.0451294    0.0216835
 -0.0281556    0.0337004   0.00300706    0.0603692   0.00181933   -0.0384652    -0.098026  -0.0351458     0.010824   0.00691112    0.0937839    0.0453559   -0.0165804   -0.0247245     0.0665095     0.060504
 -0.0232165  -0.00747656   -0.0073586   -0.0876328   0.00495851    0.0201759     0.103778   0.0838511   -0.0773376   0.00774689   -0.0815713   -0.0246455    0.0630569   -0.0356099    -0.0500237   0.00737298
  0.0557501   -0.0327029   -0.0866495   -0.0923249   -0.0328831    0.0858987    0.0672254  -0.0722494     0.101115    0.0754131    -0.017541    0.0293168    0.0304257     0.076404      0.031091   -0.0790586
0.153326  0.0821676  0.0204716  0.140925  0.11788  0.10646  0.103427  0.101192  0.0580414  0.00223422  0.0356101  0.0725622  0.0380581  0.0318619  0.184603  0.058057  0.0979505  0.12825  0.0381422  0.150526  -0.0327134  0.0637043  0.102425  0.154554  0.0205581  -0.0144345  0.0902082  0.10427  -0.00311946  0.0519918  0.114976  0.0837652  0.0897375  0.102221  0.165671  0.202388  0.122768  0.153621  0.0279127  0.0204371  0.0872698  0.0140795  -0.018513  0.0473743  0.16155  0.0893419  0.0295633  0.166853  0.118285
