  -0.163542   -0.0677507     -0.115544  -0.00859492    0.0290813   -0.0164096   -0.136148   -0.0431117   -0.0575785   -0.0195907    0.0314082   -0.0415245   -0.0538594   -0.102546    -0.129709    0.016059
 -0.0961015    0.0357811     0.0163393    0.0669733   -0.0272945   -0.0768899   -0.158949   -0.0204363    -0.110612    0.0550487    0.0303039    0.0297514    -0.158874  -0.0909845    -0.131683  -0.0626164
 -0.0569239     0.156077     -0.037314   -0.0169951     -0.10496   -0.0487683   -0.193273    0.0242096     0.041989   -0.0714425    -0.100054   -0.0119157    -0.083004   -0.128332   -0.0236578   -0.085175
  -0.127012     0.256347     -0.138278    0.0403859  -0.00982115    0.0059429   -0.168733   -0.0578258    0.0280341   -0.0965337     0.030228   0.00469613   -0.0108909   -0.256614    0.0828067   -0.206604
  -0.077911     0.169587    -0.0704923     0.135632     -0.12597    -0.102488   -0.112776  -0.00447926   -0.0201441    -0.101365    0.0558885    0.0532334    0.0959196   -0.249971   -0.0413937   -0.206409
 -0.0831768     0.162208     -0.181396    0.0779158    0.0342067   -0.0067016  -0.0465389   -0.0473776   -0.0512014   -0.0175552   -0.0703881    0.0717118   0.00730347   -0.327762  -0.00757134   -0.145137
 -0.0738448    -0.189619      0.045671   0.00512416    0.0807948    -0.114592   -0.136086   -0.0867304     -0.13457   -0.0259064   -0.0823284   -0.0613116    -0.111438  -0.0441587    -0.080713  -0.0250723
  0.0272116    0.0298061     -0.089121   -0.0797845   -0.0262812   -0.0887129   -0.170516    0.0606299   -0.0015802    0.0271424   -0.0957587   -0.0356393   0.00467884   -0.265616   -0.0097554   -0.103265
  0.0303718    -0.361185      0.280833    -0.070851   -0.0131724    -0.112584   -0.145311  -0.00767185    0.0344664    -0.101094    0.0467339    0.0917494    -0.266698   0.0546549    -0.103194     0.10726
 -0.0638273    -0.524662      0.532928    -0.225544     0.105891     0.039906  -0.0728327     -0.15655   -0.0329909   -0.0683931   -0.0248544    0.0633047    -0.390822    0.137994    -0.215868    0.296917
  -0.103804    -0.156371       0.16857    0.0215272   -0.0161106    -0.100853  -0.0678103     -0.03486   0.00252678    -0.105472   -0.0126139    0.0627116    -0.205197  -0.0754891    -0.107797   0.0976439
  0.0225662    -0.118671     0.0406629    0.0397108    0.0624457   -0.0568143   -0.161792     0.039546    -0.121086   -0.0155052    0.0574259    0.0704245    -0.137592  -0.0737785    -0.161228  -0.0952926
 0.00483641    -0.293857      0.287811    -0.130112    0.0331109    -0.122108  -0.0676416    -0.106123   -0.0852978   -0.0702617     0.106211    -0.058045     -0.27774   0.0294048    -0.076302    0.160742
 -0.0145112     0.297023     -0.330089    0.0885861    -0.133698   -0.0658876   -0.104799   -0.0605075   -0.0723255   -0.0344072   -0.0239505   -0.0374095     0.128568   -0.322626    0.0380438   -0.160377
 -0.0490891     0.479761     -0.316283    0.0986136    -0.148782   -0.0859477   -0.120498     0.122729  -0.00441212    0.0125151    -0.100276   -0.0202461     0.251046   -0.164129     0.223272   -0.294949
  0.0165437    -0.124578      0.179884   -0.0445008   -0.0308496   -0.0427041  -0.0377395   -0.0541792    -0.083163   -0.0500559    0.0701295    0.0163115    -0.300376  -0.0167436   -0.0996818  0.00894877
  0.0229161      0.51839     -0.310081   0.00780356   -0.0222951   -0.0134456   -0.117066    0.0700408  0.000317952    0.0520644   -0.0371864   -0.0202652     0.116348   -0.403342     0.157332   -0.217272
  0.0108247    -0.200444      0.260961     -0.15795   -0.0831649   -0.0816955   -0.104009    -0.115425    0.0312409  -0.00295748    -0.075337   -0.0582321    -0.232398  -0.0217643    -0.100636  -0.0229404
 -0.0687078     0.131146     -0.224625   0.00361875    -0.110146  -0.00465651   -0.145797   -0.0801615    0.0309599    -0.094452   -0.0378014    0.0382367    0.0503966   -0.265943   -0.0162735   -0.207086
 -0.0695528     -0.41447      0.324028     -0.18864    0.0723746    0.0227221  -0.0620877    -0.124066    0.0520708    -0.122686   -0.0533605   0.00128965    -0.276984   0.0500744   -0.0903474    0.115222
-0.00502755    -0.109766       0.18518   -0.0531388   -0.0224625   -0.0282713  -0.0732205   -0.0801415   -0.0947806    -0.128571    0.0601489   -0.0643506    -0.239641  -0.0904694    -0.019649  -0.0837441
  -0.118853     0.227772     -0.192791  -0.00997372   0.00606133   -0.0811616   -0.170654   -0.0569576   -0.0375095    0.0619688   -0.0689672  -0.00677266    0.0704407   -0.325081    0.0480903   -0.140884
  0.0214045     0.421677     -0.359882    0.0542411   -0.0208155    -0.105865   -0.215814    -0.048903   -0.0246019     0.019294   -0.0249033    0.0423761    0.0924187      -0.262    0.0732587   -0.203249
  -0.106052    -0.263193      0.339117  -0.00155164    0.0744681    -0.101473   0.0276443   -0.0706672     -0.11856   -0.0102454   -0.0540007     0.028159    -0.258012  -0.0410048    -0.161306     0.15327
 -0.0584594    -0.589345      0.540928    -0.302071    0.0074078    0.0636638  -0.0838428    -0.158065   -0.0933054   -0.0151191    0.0206609    -0.019862    -0.407736    0.140541    -0.162391    0.167652
  0.0481846     0.203005     -0.126321    0.0717047     -0.12398   -0.0428556   -0.128338       0.1161    0.0100163     0.055972    0.0524017   -0.0183083   -0.0861398   -0.135237    -0.057228   -0.193028
 -0.0114641   -0.0891508      0.030383   -0.0745473    0.0219554   -0.0304497   -0.139461    0.0735833     0.026391   -0.0935135    -0.034134     -0.11165     -0.13678  -0.0652268    -0.124632  -0.0256367
  -0.143376   -0.0773717    -0.0392582   -0.0114303   -0.0792868    -0.111406  -0.0752483   -0.0394129  -0.00873061    0.0495261  -0.00205782  -0.00161157   -0.0600257   -0.160072   -0.0972231   -0.100813
 -0.0999391   0.00375897    -0.0471675      0.03218   -0.0562953    -0.107907   -0.140523    0.0681363   -0.0784024   -0.0752636    0.0560712    0.0860854    -0.129539   -0.173977   -0.0219695   0.0438463
 -0.0530974     0.396917     -0.212841     0.143803   -0.0497359   -0.0182677   -0.194436   -0.0724828    -0.123808    0.0477191    0.0218622   -0.0533763     0.119807   -0.376159  -0.00754118   -0.122651
 -0.0338741     0.280297     -0.278551     0.115598  -0.00661582    -0.155826   -0.167089    0.0714151    0.0565506    -0.072413  0.000517357   -0.0559908    0.0144017   -0.136841     0.135055   -0.143629
-0.00849474     0.180337     -0.187081   -0.0427902   0.00665686   -0.0483319   -0.112805    0.0507037   -0.0584571   -0.0161738   -0.0621406   -0.0173562  -0.00293203    -0.26402    0.0787862    -0.17543
 -0.0745898    -0.097625       0.15833     -0.01612    0.0425639   -0.0675854  -0.0867298   -0.0697389   -0.0438501  -0.00724348   -0.0285298    0.0264274    -0.237226  -0.0308727   -0.0541458   0.0492049
 -0.0558249     0.542669     -0.408044    0.0974149    0.0111034    -0.101753   0.0104156     -0.01559  -0.00393454     0.136225     0.018686    -0.080077     0.233887   -0.362034      0.26104   -0.320427
 -0.0769484    0.0969116     -0.138846     0.061063    0.0219169   -0.0208374   -0.106726    0.0882755    -0.119026   -0.0108462     0.041938    0.0696201    0.0318939   -0.228016   -0.0231507   -0.106277
 -0.0322564    -0.115566     0.0340559   -0.0910085    -0.034626   -0.0641548   -0.217678    0.0256717    -0.075112  -0.00509021    0.0572796    0.0792399   -0.0537113  -0.0918439   -0.0792318   -0.042031
 -0.0851256     0.584879     -0.473756     0.180852   -0.0748206   -0.0498932  -0.0425091    0.0757673    0.0331548      0.07977     0.040232    -0.107244     0.215201   -0.371364     0.148244   -0.255573
 -0.0589066    -0.132037      0.109444   -0.0416728    -0.099128   -0.0552099  -0.0615112    0.0755222   -0.0379176    -0.144006    0.0617973     0.069809     -0.30297   0.0244014    -0.134262   0.0243393
 -0.0991154   -0.0247596     0.0681952    -0.113198    -0.108363   -0.0958742   -0.149659    0.0179727   -0.0151029    -0.134446   -0.0866675  -0.00331313    -0.124926  -0.0523991   -0.0544329  -0.0290737
 -0.0811212     0.228244     -0.233939     0.139766   -0.0869894    -0.150461  -0.0990419    0.0992437    -0.119835    0.0263947    0.0328458    0.0175986    0.0669143   -0.111277    0.0315309   -0.120716
  0.0634081    -0.229429      0.243342   -0.0842062   -0.0228139   -0.0784704   -0.126232    -0.114919   -0.0458874   -0.0470034   0.00656631   -0.0101774    -0.167903  -0.0351223    -0.163224   0.0401195
 -0.0180724    -0.297529      0.251694    -0.184202    0.0860103    0.0162253   -0.089151   -0.0765915    0.0686324   -0.0171371   -0.0418313    0.0836722    -0.331153   0.0772037    -0.175463    0.179647
 0.00151097    -0.351415      0.260881   -0.0819831    0.0964827   -0.0671279  0.00811195    0.0463767    0.0436067   -0.0593163    0.0675873   -0.0209866      -0.2922  -0.0124471    -0.137773   0.0516898
  -0.136774     0.625231     -0.430587     0.111622    -0.164957    0.0202203  -0.0250013    0.0361363   -0.0242707     0.149412    0.0406024    -0.106477     0.335265   -0.214582     0.273245   -0.265744
  0.0210573    -0.159742      0.105114   -0.0559699  -0.00668902   -0.0845984   -0.131903   -0.0351117    -0.129648    -0.112743   -0.0173708    0.0704324   -0.0969925  -0.0947599   -0.0499591  0.00249286
 -0.0731571  -0.00681391  -0.000440364    0.0417783   -0.0178673    -0.113983   -0.176937   -0.0370356   -0.0244005   -0.0313334    0.0752406     0.034741    -0.135867    -0.12062    0.0068122   0.0144823
 -0.0819821     0.248505       -0.2462    -0.016163   -0.0451374   -0.0671608  -0.0166744     0.108311    -0.110787   -0.0099861    -0.111187   -0.0480293    0.0768108   -0.312223  -0.00201247   -0.149072
 -0.0164085   0.00441874     -0.185134   -0.0877335   -0.0715121   -0.0265687  -0.0745822   -0.0637279    0.0464687    0.0175408   -0.0452006   0.00531766   -0.0944506   -0.129197   -0.0183234   -0.183354
-0.160413  -0.0793184  -0.0690788  0.0458574  0.217854  0.137879  0.169688  -0.163293  0.0547451  -0.430623  -0.688525  -0.272472  -0.143838  -0.440985  0.292489  0.395135  -0.262621  0.483481  -0.317503  0.152589  -0.46684  -0.237183  0.246293  0.363339  -0.420313  -0.685138  0.13277  -0.147281  -0.0482782  -0.0489151  0.332715  0.235201  0.194096  -0.209959  0.520104  0.0848537  -0.127734  0.522794  -0.267513  -0.13246  0.186521  -0.323251  -0.4218  -0.397916  0.522626  -0.195456  -0.0734679  0.243654  0.0349447
