  -0.166367   -0.0688199   -0.113662    -0.0100411    0.0292467   -0.0249186   -0.134711    -0.0450426    -0.0545162   -0.0242976    0.0293385    -0.0403796   -0.057188    -0.107448    -0.136557     0.0137358
 -0.0982554    0.0353452   0.0175536     0.0666344   -0.0272744   -0.0834156   -0.158388    -0.0215217     -0.109202    0.0517658    0.0289444     0.0305464   -0.162807   -0.0963014    -0.136583    -0.0644821
  -0.056433     0.156442  -0.0399418    -0.0172504     -0.10575   -0.0468481   -0.195915     0.0255271     0.0377123   -0.0683507   -0.0989256    -0.0141618  -0.0834823    -0.127554   -0.0210181    -0.0867847
  -0.120982     0.258982   -0.145272     0.0405906   -0.0111585    0.0247201   -0.171837    -0.0528427     0.0168299   -0.0790995    0.0361616   -0.00303782   0.0018996    -0.236128    0.0985261     -0.208209
 -0.0754141     0.171952  -0.0756251      0.137267    -0.127323   -0.0929409   -0.116258  -0.000534878    -0.0292396   -0.0918902     0.059012     0.0484185    0.100937    -0.242277   -0.0336767     -0.208867
 -0.0790832     0.163813    -0.18609     0.0782192    0.0332071   0.00875945  -0.0486831     -0.043718    -0.0586552  -0.00439517   -0.0664584     0.0652495   0.0191381    -0.309641    0.0028351     -0.147316
 -0.0782712    -0.190657   0.0512509    0.00378733    0.0819158     -0.12876   -0.130572    -0.0905364     -0.126042    -0.033791   -0.0860472    -0.0582791   -0.114888   -0.0504956   -0.0932173    -0.0280714
  0.0282168    0.0300177  -0.0911801    -0.0796713   -0.0268883   -0.0847872   -0.172652     0.0619387   -0.00513094    0.0309445    -0.094524    -0.0380939  0.00645114    -0.261717  -0.00654815     -0.104456
  0.0232766    -0.361696    0.305448     -0.072103  -0.00623716    -0.136757   -0.114902    -0.0182116     0.0707216    -0.115309     0.036389      0.103033   -0.247489    0.0693252    -0.135442      0.104677
 -0.0769756    -0.528909    0.583782     -0.236104     0.122105   -0.0066655  -0.0307335     -0.179879     0.0411854    -0.105557   -0.0452187     0.0821566   -0.360577     0.170018     -0.27688      0.289226
  -0.108011    -0.155917    0.178713     0.0234979   -0.0132769    -0.115099  -0.0548533    -0.0391374     0.0167566    -0.114294   -0.0175152     0.0697661   -0.201938   -0.0779077    -0.123645     0.0971626
  0.0183596    -0.119567   0.0447453     0.0388025    0.0629565   -0.0701887   -0.158803     0.0364957     -0.115608   -0.0229549    0.0541489     0.0729718   -0.144326   -0.0833407    -0.171694    -0.0979519
-0.00407642    -0.293975    0.308926     -0.130071    0.0383815    -0.151936  -0.0418378      -0.11423    -0.0550707   -0.0846437    0.0947427    -0.0474689   -0.266681    0.0331539    -0.110735      0.154851
-0.00456679     0.303862   -0.338645     0.0952325    -0.135527   -0.0336954   -0.103677    -0.0515809    -0.0899789  -0.00438426   -0.0151968    -0.0480928    0.155348    -0.285994    0.0613495     -0.162318
 -0.0444166     0.493722   -0.337116      0.114451    -0.153612   -0.0877025   -0.156159      0.139277    -0.0652892    0.0281883   -0.0866318    -0.0337958    0.181621    -0.226982     0.261609     -0.297977
   0.010436    -0.124905    0.189363    -0.0436548   -0.0290592   -0.0624883  -0.0283164    -0.0583123    -0.0709286   -0.0605337    0.0639955     0.0219855   -0.303329   -0.0249445    -0.118516    0.00516782
   0.041744     0.533562   -0.330617      0.024141   -0.0260081    0.0398841   -0.118332      0.087731    -0.0368065     0.103938   -0.0188159    -0.0375181    0.148671    -0.356639     0.207122      -0.21757
 0.00559425    -0.201965    0.277649     -0.159959   -0.0784536   -0.0990763  -0.0837356     -0.121917     0.0547097   -0.0123178   -0.0824272     -0.051399   -0.218294  -0.00903322    -0.123395    -0.0261185
 -0.0654849     0.132974   -0.229186    0.00467378    -0.111576   0.00538174   -0.149987    -0.0765657     0.0217351   -0.0838947   -0.0342442     0.0328274   0.0538827    -0.257499  -0.00681983     -0.208979
 -0.0776632    -0.418638    0.357852     -0.196809    0.0823615  -0.00510852  -0.0290503     -0.140168      0.104063    -0.146405   -0.0671942     0.0145119   -0.248607    0.0788519    -0.131115      0.112047
 -0.0107495    -0.109888    0.191574    -0.0519084   -0.0218414   -0.0453143  -0.0671291    -0.0830791    -0.0869333    -0.137315    0.0551291     -0.060174   -0.244646    -0.100615   -0.0356091    -0.0880478
  -0.111653     0.230874   -0.199124   -0.00787633   0.00497488   -0.0566821   -0.172609    -0.0513885    -0.0480926    0.0820432   -0.0629782    -0.0152852   0.0899519    -0.296799    0.0651442     -0.142037
  0.0337638      0.43083   -0.371797     0.0626412    -0.022936   -0.0684471   -0.218026     -0.036969    -0.0494495    0.0553462   -0.0135331     0.0292461    0.117906    -0.224098     0.104785     -0.205206
  -0.112604    -0.263117    0.359871  -0.000669124    0.0810081    -0.126973   0.0500286    -0.0788067    -0.0904178   -0.0253627   -0.0628541     0.0395892   -0.251483   -0.0402664    -0.188665      0.152379
 -0.0739254    -0.593053    0.588712     -0.312253    0.0200479   0.00974313  -0.0439041     -0.178188    -0.0312854   -0.0457152   0.00017086   -0.00569114   -0.385194     0.166697     -0.22475      0.153171
  0.0522991     0.206253   -0.133561     0.0747734    -0.125305   -0.0293679   -0.130429      0.121109  -0.000904944     0.068824    0.0567585    -0.0233456  -0.0772112    -0.124244   -0.0459766     -0.194328
 -0.0152527   -0.0904161   0.0357727    -0.0762261    0.0230219   -0.0416695   -0.133794     0.0700381     0.0344616    -0.100439   -0.0376258     -0.108858   -0.137264   -0.0679994    -0.135962    -0.0280222
  -0.144964   -0.0778153  -0.0383559    -0.0120027   -0.0790997    -0.116344  -0.0746017    -0.0402981    -0.0075379     0.047034  -0.00304778  -0.000992317  -0.0623795    -0.163305    -0.100778     -0.102143
   -0.10148   0.00359597  -0.0467377      0.031966    -0.056493     -0.11199   -0.140392     0.0675821    -0.0779561   -0.0770976      0.05523     0.0863815    -0.13194    -0.177534   -0.0254742     0.0420913
 -0.0390879     0.404911   -0.223676      0.152541   -0.0518024    0.0246573   -0.185481    -0.0622368     -0.141292     0.088555    0.0331111    -0.0654217    0.167355    -0.317457    0.0213279     -0.123767
 -0.0276141     0.285748    -0.28865      0.120092  -0.00823371    -0.135192   -0.174345     0.0798258     0.0373142   -0.0530761    0.0076779    -0.0646735   0.0209001    -0.123949     0.154913     -0.145714
-0.00234876     0.182679   -0.192887    -0.0410054   0.00586817   -0.0277389   -0.114664      0.055594    -0.0681013   0.00063525   -0.0567617    -0.0244363   0.0129218     -0.24063    0.0937637     -0.176137
 -0.0794283   -0.0982328    0.166696    -0.0160121     0.044372   -0.0833551  -0.0781202    -0.0737234    -0.0324087   -0.0162334   -0.0334056     0.0313215   -0.238224   -0.0360631   -0.0698935     0.0466233
 -0.0427546     0.560542    -0.43239      0.118471    0.0059261    -0.065667  -0.0114434    0.00487384    -0.0623074     0.175408    0.0377247    -0.0985563    0.212357     -0.37138     0.313346     -0.322524
 -0.0743374    0.0984566   -0.142971     0.0625531    0.0210167   -0.0113692   -0.107625     0.0915514     -0.126229  -0.00124758    0.0448564     0.0654179   0.0401533     -0.21668   -0.0164022     -0.108275
  -0.036249    -0.116761   0.0378175    -0.0927952   -0.0340922   -0.0763121   -0.213862     0.0226177    -0.0690186   -0.0118339    0.0540176     0.0815131  -0.0572252   -0.0980568   -0.0898028    -0.0449467
 -0.0692142     0.603104    -0.49915      0.204904   -0.0798345  -0.00728514  -0.0562133     0.0981697    -0.0228342      0.12605    0.0600805      -0.12526    0.212828    -0.363174     0.201253     -0.256745
 -0.0644388    -0.132118     0.11841    -0.0409293   -0.0973953   -0.0726542  -0.0515256     0.0712429    -0.0259462    -0.153544    0.0563886     0.0754165   -0.304643    0.0174806    -0.151492     0.0214029
   -0.10213   -0.0253627   0.0721512     -0.114095    -0.107523     -0.10476   -0.144658     0.0155158   -0.00893632    -0.139486    -0.089257  -0.000886718   -0.125166   -0.0551882   -0.0634785    -0.0310111
 -0.0760395     0.234506   -0.244218      0.147828   -0.0886477    -0.134337   -0.104645      0.108069     -0.141823    0.0423741    0.0394398     0.0105581   0.0700121    -0.105635    0.0487702     -0.122561
  0.0572768    -0.231284    0.260534    -0.0866791   -0.0178033   -0.0996884   -0.106924     -0.122884    -0.0205775   -0.0598822  -0.00154292   -0.00223586   -0.159042   -0.0287494    -0.187227     0.0376513
 -0.0255314    -0.301123    0.281763     -0.190877    0.0946879   -0.0108184  -0.0589815    -0.0906169      0.113251   -0.0382672   -0.0542367     0.0962924   -0.307916    0.0995831    -0.212177      0.177452
-0.00502666    -0.352395    0.283079    -0.0834668     0.102654   -0.0919663    0.032866     0.0371954     0.0741425   -0.0735294    0.0578317    -0.0105581   -0.279309  -0.00313268    -0.166688     0.0495305
  -0.131191     0.640401   -0.466292      0.135823    -0.175688    0.0167655  -0.0667835     0.0614027     -0.113784     0.174466    0.0588322     -0.123769    0.253625    -0.291806     0.324543     -0.269736
  0.0161332    -0.160229    0.111224    -0.0565919  -0.00547066    -0.100069   -0.124887    -0.0388744     -0.120201     -0.12149   -0.0218171      0.074768   -0.100297    -0.103017   -0.0642528  -0.000250547
 -0.0754476  -0.00708576  0.00074866      0.041578   -0.0179606    -0.120499   -0.176016     -0.038074    -0.0228485   -0.0345073    0.0737703     0.0356242   -0.139119    -0.125771   0.00126783     0.0122988
 -0.0745429     0.253171   -0.253016    -0.0112069   -0.0463349   -0.0412416  -0.0163663      0.115328     -0.123377     0.012258    -0.104976    -0.0566053   0.0998242    -0.281473    0.0152987     -0.150979
 -0.0162449   0.00498036    -0.18752    -0.0872098   -0.0722389   -0.0257152  -0.0771717    -0.0625296     0.0417901    0.0199538      -0.0441    0.00340544  -0.0968036    -0.130746   -0.0160238     -0.184806
-0.140524  -0.0376077  -0.032813  0.0803164  0.257183  0.166402  0.201078  -0.127295  0.0920341  -0.40678  -0.65056  -0.255436  -0.105988  -0.409579  0.340729  0.426141  -0.230956  0.539467  -0.295103  0.185235  -0.436145  -0.203646  0.286722  0.415125  -0.405355  -0.647345  0.18487  -0.113835  -0.0200778  -0.0182476  0.389372  0.282132  0.241031  -0.179863  0.570413  0.135271  -0.084073  0.568206  -0.240371  -0.104773  0.242177  -0.297161  -0.395254  -0.377981  0.530098  -0.16119  -0.0374426  0.286028  0.073668
