  -0.0941034    -0.0449599   -0.0803792   0.00956871    0.0602367    0.0980166  -0.00273122  -0.0426393  -0.00158269    0.0465422    0.0577463   -0.0205876     0.100571    0.0662857    -0.0545803    0.0891605
   -0.057861     0.0836181   0.00375702    0.0882451   -0.0121999   -0.0108339   -0.0947001  -0.0176247   -0.0784539    0.0895872    0.0443372    0.0375662   -0.0373634   -0.0118321    -0.0845494   -0.0335432
 -0.00266335     0.0788339     0.078944   -0.0324675   -0.0740473    0.0362126    -0.082159   0.0158662    0.0790561    -0.030714   -0.0770428   0.00595158    -0.018298    0.0602661   -0.00159501    0.0064968
  -0.0838106     0.0466836     0.053956   0.00153151      0.01951    0.0774766   -0.0822698  -0.0727559    0.0439806   -0.0948814    0.0591443    0.0201089   -0.0413361   -0.0409923     0.0441178   -0.0894619
  -0.0209091    0.00358391    0.0880899     0.094148   -0.0805616   -0.0159818   -0.0157715  -0.0254358    0.0200801   -0.0793241    0.0872217    0.0770748    0.0973072   -0.0654345    -0.0498176   -0.0733965
   -0.021093  -0.000282275  -0.00837713    0.0512976    0.0767031     0.105458    0.0687998  -0.0625475   -0.0109188   0.00801238   -0.0385525    0.0948961    0.0584566   -0.0887588     -0.018893  -0.00879928
  -0.0204899    -0.0794019   0.00126001    0.0629605    0.0958116   -0.0325316   -0.0239731  -0.0753703   -0.0939304    0.0367528   -0.0666992    -0.050444    0.0822384    0.0720386     0.0111875   -0.0103203
   0.0778257    -0.0418013   0.00489777   -0.0978291   0.00117558  -0.00351051   -0.0764174    0.054481    0.0339609    0.0601007   -0.0735363   -0.0208049    0.0796476   -0.0938242    0.00728643   -0.0174209
    0.054274    -0.0666114    0.0185851    0.0540587   -0.0178004   -0.0742554   -0.0792817   0.0246146    0.0719375   -0.0423279    0.0402864    0.0876158    0.0100704    0.0321038     0.0504889   0.00344032
  -0.0639644    -0.0717902    0.0801872  -0.00460617    0.0769571    0.0163067   -0.0176558  -0.0937406   -0.0370621  -0.00606645     -0.04787    0.0450329   -0.0687829    0.0280684     0.0261063    0.0652423
  -0.0838067    -0.0234678    0.0665692    0.0589045  -0.00499698   -0.0741559   -0.0159527  -0.0236346    0.0289949   -0.0679923    -0.014206    0.0668949   -0.0801301   -0.0788954    -0.0245487    0.0744617
   0.0704352    -0.0224141   -0.0030791    0.0832469    0.0782048    0.0233816   -0.0695175   0.0487074   -0.0800684    0.0369176    0.0722115    0.0802696    0.0398583     0.023111    -0.0854743   -0.0789768
   0.0223817     -0.015944    0.0281692    -0.027169    0.0417099   -0.0919652  -0.00518409  -0.0808523   -0.0495793   -0.0187229    0.0989085   -0.0605176   -0.0448578   -0.0299297     0.0771559    0.0688619
   0.0604578    -0.0289482   -0.0517584   0.00449199    -0.061925    0.0630494    0.0335608  -0.0904318    -0.019577   -0.0210211    0.0155805   -0.0040756     0.117191   0.00336957    -0.0267464    0.0417625
 9.02766E-06      0.095468   -0.0600247    -0.029693   -0.0704114   -0.0246156   -0.0980413   0.0642853    0.0299383   -0.0570563   -0.0639345    0.0097269    0.0711799   -0.0358122     0.0958377    -0.090015
   0.0710597     0.0753826    0.0510823    0.0397113   -0.0137979    0.0467254    0.0910025  -0.0357681   -0.0296683    0.0245873    0.0827885    0.0235401   -0.0214053    0.0773782     0.0288549  -0.00642834
   0.0729178      0.101187    0.0117014   -0.0792814    0.0290863    0.0879871   -0.0424468   0.0368236    0.0121081   -0.0025806   0.00342114  -0.00113293    0.0313029   -0.0852108     0.0210127    -0.017782
   0.0337579    0.00507277    0.0848433   -0.0680198   -0.0858558   -0.0457586   -0.0499264   -0.094424     0.062387    0.0463254   -0.0778393   -0.0589747    -0.036253   -0.0358848    0.00815712   -0.0855173
 -0.00347031    -0.0694614   -0.0283741   -0.0570942   -0.0567738     0.110788  -0.00813697  -0.0967744     0.083693   -0.0614489  -0.00873118    0.0654789    0.0899904   0.00900557    -0.0349131    -0.064222
  -0.0582098      -0.08548   0.00907592    -0.050065     0.056087    0.0229135   -0.0290414   -0.088613    0.0634739   -0.0735759   -0.0614518  -0.00499816    -0.069465   -0.0711227     0.0936862   -0.0159708
   0.0208991      0.016535    0.0931828   -0.0131534  -0.00780188    0.0150686  -0.00948329  -0.0704677   -0.0620185    -0.089054    0.0624309   -0.0596452   -0.0889032   -0.0638915     0.0596267    -0.098607
  -0.0753702  -2.03164E-05  0.000105034   -0.0648648    0.0386483  -0.00636061   -0.0866817  -0.0717991   -0.0193434    0.0669821   -0.0421192    0.0074365    0.0574249   -0.0889498    -0.0024209   -0.0198544
   0.0904134     0.0691685   -0.0752674   -0.0407433     0.052187    0.0270539   -0.0929302  -0.0770498    0.0248637    0.0168787     0.011442    0.0718695    0.0854966    0.0833712    -0.0187589   -0.0104367
  -0.0905048    0.00949548    0.0729987    0.0900174    0.0822311   -0.0715164    0.0827457  -0.0421565   -0.0845705    0.0404095   -0.0645569    0.0219204  0.000168885   -0.0990053    -0.0337274    0.0582227
  -0.0557162     -0.108743    0.0643987    -0.040483   -0.0307557    0.0542568  -0.00923282   -0.091081   -0.0878075    0.0570222   0.00257634   -0.0442956   -0.0125535    0.0693455     0.0756259   -0.0850852
   0.0982615      0.095555  -0.00195009    0.0502852   -0.0923878    0.0337499    -0.047701   0.0990884    0.0389062    0.0735805     0.079245  0.000499282   -0.0658755    0.0152434    -0.0544216   -0.0886156
   0.0434777    -0.0131783    0.0211502   -0.0322435    0.0399215    0.0545827   -0.0228866   0.0807776    0.0698714   -0.0291885   -0.0171864    -0.097534     0.022998    0.0625783    -0.0401486   0.00561443
   -0.095603    -0.0281646   -0.0483107       0.0116   -0.0616773   -0.0291395   0.00340974   -0.037755    0.0319449    0.0908635    0.0161787   0.00944914    0.0807067   -0.0656895    -0.0419494    -0.057449
  -0.0642851    0.00723286   -0.0185664    0.0392588   -0.0417394   -0.0558106   -0.0734185   0.0680402   -0.0578228     -0.04885    0.0730592     0.096418   -0.0628972   -0.0884612     0.0206375    0.0927068
  0.00935574     0.0734442    0.0496139    0.0927373   0.00306025     0.103475   -0.0823605  -0.0969397   -0.0925883    0.0503077    0.0639239   -0.0289626    0.0840976   -0.0738254    -0.0755358    0.0572385
   0.0284047     0.0646868    -0.085987    0.0626976    0.0489003   -0.0507304   -0.0794124   0.0457622     0.101236   -0.0721704    0.0356195   -0.0331076    0.0163237    0.0774468     0.0974568     0.014581
   0.0352002      0.010917    -0.026281   -0.0830218    0.0332161    0.0199443   -0.0381199   0.0363037   -0.0423551   -0.0135302   -0.0352087  -0.00304547   -0.0062903   -0.0755678     0.0511651   -0.0646418
  -0.0163716      0.071276    0.0644189    0.0574403    0.0602148     0.026387    0.0352804  -0.0547366   0.00602613    0.0639817   -0.0121858    0.0358851    0.0103197    0.0714861     0.0679127    0.0536382
-0.000824505     0.0544133   -0.0382812  -0.00878054    0.0977104   -0.0256465    0.0580577  -0.0729583   0.00326999    0.0542236    0.0618804   -0.0510551    0.0691377   -0.0887065     0.0884898   -0.0730364
 0.000946074    -0.0399428    0.0320944    0.0294054    0.0755218     0.101667    0.0431395   0.0707377   -0.0633214    0.0412634    0.0764819     0.100196    0.0948715    0.0196649  -0.000111879    0.0398532
   0.0275264    -0.0607086    0.0476863   -0.0554348   -0.0120727    0.0279377   -0.0918317   0.0310301   -0.0308244    0.0618202    0.0776021     0.096443     0.100324    0.0580419    0.00357471   0.00369798
  -0.0245843     0.0527376     -0.10655    0.0645007     0.023123     0.063775    0.0293108   0.0176597    0.0719555   0.00441098    0.0861575   -0.0742044    0.0677359   -0.0616121    -0.0348397   0.00347401
  -0.0201921     0.0580539   -0.0305565    0.0350136   -0.0903517    0.0148309    0.0314833   0.0941019   0.00771314    -0.086418    0.0674975    0.0732504   -0.0563968    0.0789257    -0.0267927  -0.00623416
  -0.0600992      0.059002    0.0312111   -0.0758067   -0.0972642    -0.029291   -0.0797418   0.0245628     0.018478    -0.094011    -0.074853   0.00479885    0.0159195     0.017051     0.0132076   -0.0107832
  -0.0228218     0.0512676   -0.0750601    0.0870991   -0.0361149   -0.0749701   -0.0285436   0.0670927   -0.0833163    0.0321954    0.0676196    0.0435784    0.0329816     0.021909     0.0131916     0.029682
    0.097093   -0.00775471    0.0720383    0.0137315   -0.0236076   -0.0203363   -0.0560468  -0.0901131    -0.011581    0.0106032    0.0101288   -0.0101922    0.0713863   -0.0151333    -0.0464519   -0.0167865
  0.00662585     0.0227872   -0.0373577   -0.0528061    0.0765621    0.0386006   -0.0432168  -0.0425005    0.0870534    0.0410813   -0.0435207     0.081543    -0.113625    -0.020771     0.0124648    0.0737082
    0.023582    -0.0822578    0.0119914    0.0226744    0.0986828   -0.0443245    0.0833351   0.0745627    0.0737151   0.00169349    0.0635232   -0.0231293   -0.0657785   -0.0604975     0.0131575   -0.0409547
   -0.084355      0.102683   -0.0456944    -0.038321   -0.0771632    0.0727685     0.011024  -0.0419383  -0.00575828    0.0435394    0.0927188   -0.0708327    0.0244207   -0.0708005     0.0993199    0.0131462
    0.069744    -0.0482757    0.0589128  -0.00541812     0.010705  -0.00856996   -0.0266055  -0.0249707   -0.0915267    -0.054997  -0.00281996    0.0815084    0.0782777  0.000625493     0.0453996    0.0200693
  -0.0283951     0.0350714  0.000319449     0.060527   0.00176056   -0.0382596   -0.0998201  -0.0351319    0.0110196   0.00618271    0.0938401    0.0453654   -0.0156833    -0.027283     0.0665644    0.0599559
  -0.0243751    0.00198845    -0.023631   -0.0864697   0.00475819    0.0229176    0.0937606   0.0839599   -0.0755787   0.00371379   -0.0811937   -0.0244746    0.0707628   -0.0499388    -0.0493545   0.00433958
   0.0547986    -0.0281672    -0.096575   -0.0919051   -0.0330873    0.0865049    0.0603039  -0.0722151     0.101778    0.0725216   -0.0173499    0.0294588    0.0331134    0.0665533     0.0311581   -0.0809142
0.130304  0.0729901  0.0151872  0.123919  0.113449  0.099221  0.0986388  0.0802279  0.056149  -0.0120879  0.00532427  0.0567945  0.0288302  0.0134732  0.175913  0.0709505  0.0752487  0.130646  0.0208683  0.143674  -0.0420377  0.0476461  0.101395  0.151969  0.00160499  -0.0433118  0.0812017  0.087246  -0.00276308  0.0475501  0.113986  0.0839029  0.08731  0.0813353  0.164355  0.184323  0.105031  0.16055  0.0140651  0.014607  0.0829153  0.00176141  -0.0273247  0.0262152  0.16391  0.0719314  0.0255085  0.154452  0.106255
