  -0.184248   -0.0959761   -0.104836    -0.0144113    0.0201807  -0.0556705   -0.171359    -0.055866    -0.063645   -0.0309157    0.00577247   -0.0386475     -0.089434    -0.143811    -0.182058   0.00833371
  -0.111083    0.0225318   0.0225021     0.0685628   -0.0318689   -0.103817   -0.183684    -0.026184    -0.114905    0.0462598     0.0155361    0.0292767     -0.189282    -0.123308    -0.163928   -0.0735331
  -0.071165     0.190719  -0.0580392    -0.0231923    -0.109558  -0.0687819   -0.224233    0.0379199    0.0359187   -0.0796052    -0.0908275   -0.0380854     -0.125614    -0.163501  -0.00967901    -0.134005
  -0.129627     0.408524   -0.203389    0.00866328   0.00848603   0.0169583   -0.179078  -7.9462E-06    0.0312683   -0.0857605      0.094035   -0.0734854    -0.0339299    -0.254198     0.203704     -0.32845
 -0.0955468     0.253392   -0.105147      0.100061    -0.134046    -0.11183   -0.166163    0.0316088   -0.0287884    -0.119669     0.0810446  -0.00048796     0.0419812    -0.286085  0.000305625    -0.300994
 -0.0949834     0.252103   -0.228816      0.030813    0.0454893  -0.0286299   -0.086389   -0.0218176   -0.0581231   -0.0222687    -0.0317358     0.012455    -0.0598985    -0.384233    0.0554946    -0.230117
 -0.0885643    -0.248453    0.078803    0.00912543     0.070874    -0.14947   -0.150612    -0.117375    -0.134846   -0.0249297     -0.123929   -0.0344058     -0.116744   -0.0711399    -0.162782   0.00650117
  0.0138769    0.0623207   -0.108525      -0.08259   -0.0276933   -0.112045   -0.202504    0.0700112  -0.00906565     0.017984    -0.0836027   -0.0592909    -0.0525531    -0.315331   0.00874745    -0.144198
    0.01451    -0.547229    0.424125    -0.0775792  -0.00825747   -0.157165   -0.142023    -0.127679    0.0865959   -0.0946207    -0.0821345     0.237511     -0.225663  -0.00336342    -0.321785     0.317059
  -0.072967    -0.845666    0.777868     -0.426502     0.103433  -0.0159089   -0.120487    -0.381377     0.120114     -0.13372     -0.250446     0.333807     -0.255446    0.0445727     -0.60395     0.703576
  -0.116909    -0.286678    0.259557     0.0917984   -0.0256856   -0.122504  -0.0668055    -0.092759    0.0101057   -0.0923073     -0.092667     0.147205     -0.190774   -0.0916434    -0.243533     0.213779
 0.00625236    -0.160809   0.0660275     0.0516069    0.0520783  -0.0927237   -0.181137    0.0191392    -0.126499   -0.0206608     0.0244871    0.0886985     -0.163064     -0.10875    -0.223321   -0.0803839
  -0.015005    -0.474374    0.421614     -0.162907    0.0258709   -0.171009  -0.0890974    -0.209599   -0.0300023   -0.0656821    -0.0392058    0.0661764     -0.200523   0.00967296    -0.329543      0.31877
 -0.0198252      0.49272   -0.401661     0.0355186    -0.137902  -0.0549895   -0.142531   0.00902823   -0.0841002   -0.0340974     0.0627793    -0.133799     0.0316849     -0.38199     0.200488     -0.30272
 -0.0812274     0.791097   -0.379358     0.0936591    -0.164204   -0.033356   -0.230828     0.306612    -0.051937   -0.0304174    0.00960635     -0.18362      0.112836    -0.172208     0.458609    -0.564153
-0.00256754    -0.208446     0.24991      -0.00912   -0.0378586  -0.0812893  -0.0549188   -0.0922747   -0.0760441   -0.0508515  -0.000904777      0.06864     -0.295357   -0.0342011    -0.227641    0.0573586
  0.0339908     0.905573   -0.462834    -0.0543386    0.0192821   0.0429981  -0.0910284     0.218243  -0.00637704     0.122198      0.144252    -0.201121     0.0121551    -0.438164     0.526531     -0.45738
-0.00256794    -0.326294    0.349399     -0.226517   -0.0692657   -0.139155   -0.106047    -0.194573    0.0668205  -0.00144294     -0.160501    0.0166977     -0.180813   -0.0289283    -0.266834    0.0838976
 -0.0782058     0.213457   -0.259299  -0.000521339    -0.115121  -0.0179174   -0.179333   -0.0506125    0.0204515   -0.0984117   -0.00459364  -0.00831078     -0.011881    -0.307914     0.044389    -0.283715
 -0.0937243    -0.638733    0.480997     -0.326875    0.0624853  -0.0548117  -0.0970615    -0.278127     0.138354    -0.146145     -0.211781     0.159595     -0.204927   -0.0225698    -0.377532     0.353972
 -0.0249129    -0.166492    0.231684    -0.0344313   -0.0320864   -0.060511   -0.094475    -0.101327   -0.0924671    -0.131324    0.00624453   -0.0352355     -0.244325       -0.106     -0.11868   -0.0686983
  -0.119193     0.366502   -0.253151    -0.0316357    0.0267551  -0.0807857   -0.188461   -0.0170993   -0.0411909    0.0641898   -0.00240418   -0.0702094  -0.000969474    -0.382446     0.174289    -0.227823
  0.0255031     0.686741   -0.452058     0.0149332   0.00855783   -0.071863   -0.233161     0.046013   -0.0282451    0.0304986     0.0915499   -0.0699697  -0.000106438    -0.315212     0.309628    -0.363433
  -0.114679     -0.45882    0.486502     0.0785439    0.0548073   -0.122202  0.00764299    -0.173358   -0.0852027   -0.0145332     -0.176377     0.181254     -0.222781   -0.0847211    -0.368902     0.367632
 -0.0701509    -0.850517    0.769526     -0.554045    0.0472106  -0.0419504   -0.128181    -0.361656    0.0494587   -0.0756957     -0.205094     0.206662     -0.248048    0.0767527    -0.554278     0.489011
  0.0292034     0.322148   -0.174207     0.0438974    -0.137672  -0.0231465   -0.173501     0.184659   0.00640072     0.049005     0.0946046   -0.0945151     -0.132003    -0.142099    0.0207297      -0.3211
 -0.0313606    -0.134259   0.0545918    -0.0897833    0.0132668  -0.0726031   -0.166714    0.0483658    0.0268155    -0.104204    -0.0701567   -0.0942804     -0.161233    -0.105739    -0.195878   -0.0115057
   -0.15907   -0.0923859  -0.0336134    -0.0148094   -0.0834953   -0.137954   -0.105065   -0.0463169   -0.0134565    0.0395781    -0.0174801   -0.0024751     -0.091188     -0.19347    -0.130722    -0.111418
  -0.117129  -0.00537408  -0.0447305     0.0301222   -0.0617586   -0.133732   -0.170454    0.0648437   -0.0823259   -0.0826456     0.0409032    0.0801954     -0.160609    -0.204948    -0.054932    0.0223559
 -0.0578388     0.624134   -0.299192     0.0617825    -0.038668  0.00434974   -0.227749   0.00728529    -0.118786    0.0672415       0.11605    -0.163871     0.0587431    -0.406346     0.167871    -0.291686
 -0.0467824      0.46863   -0.351325     0.0559562    0.0114078   -0.138613   -0.208404     0.161209    0.0387559   -0.0830996     0.0790778    -0.155445     -0.065518    -0.168838     0.285658    -0.302055
 -0.0142992     0.315954   -0.248959     -0.059998    0.0234199   -0.049115   -0.127763    0.0999048    -0.061564   -0.0138266    0.00481772   -0.0901038    -0.0707063    -0.305406     0.200561    -0.277539
  -0.093098    -0.180999    0.218666     0.0148073    0.0283564   -0.104445   -0.101851    -0.106944   -0.0404098  -0.00867184    -0.0892441    0.0719748     -0.237284   -0.0507399    -0.169105     0.097764
 -0.0434497     0.985376   -0.593798    -0.0456972    0.0687089  -0.0338259   0.0529211     0.154843   -0.0384499     0.167777      0.238615     -0.27266     0.0329124    -0.513622     0.714478    -0.544837
  -0.098545     0.162295   -0.173508     0.0291925    0.0215317  -0.0505376   -0.159417     0.115421    -0.128996   -0.0225697     0.0666314    0.0159411    -0.0429511    -0.283876    0.0091217    -0.193035
 -0.0513186    -0.159624   0.0559041     -0.102893   -0.0394161   -0.102968    -0.24112      0.00401   -0.0764348   -0.0130312     0.0208696    0.0936905    -0.0728494    -0.124533    -0.150162   -0.0335035
 -0.0817659      1.01386   -0.617272     0.0611922   -0.0338712   0.0478156  -0.0642555     0.263028     0.018413     0.121853      0.230382    -0.308374     0.0771407    -0.422594     0.536135    -0.527008
 -0.0769794    -0.213133     0.17448    -0.0139789    -0.100891  -0.0898655  -0.0763152    0.0356196    -0.031716    -0.143514    -0.0048126     0.125014     -0.308623  -0.00699071    -0.249939    0.0805333
  -0.115715   -0.0677065   0.0913449     -0.125454    -0.110249    -0.12502   -0.171109  -0.00250817   -0.0136103    -0.139206     -0.119091    0.0127377      -0.14095   -0.0800686    -0.119405   -0.0163039
  -0.108393     0.368419   -0.285005     0.0917545    -0.098766   -0.147942   -0.177885     0.180996    -0.150283  -0.00366744     0.0895813   -0.0777963    -0.0429814    -0.166039     0.128408    -0.270213
  0.0499477    -0.376599    0.338504     -0.127116   -0.0162282    -0.12938   -0.130833    -0.202507   -0.0135943   -0.0410279     -0.090449    0.0810279     -0.129937   -0.0616779     -0.33467     0.175526
  -0.039939    -0.518404     0.40314     -0.305811    0.0735282  -0.0680191   -0.108501    -0.222589      0.13834   -0.0458006     -0.192878     0.237124      -0.25841    0.0208128    -0.449439     0.407124
 -0.0187675    -0.508489    0.385733     -0.101194    0.0733277    -0.12732   -0.012554   -0.0552728    0.0872581   -0.0674428    -0.0549416    0.0966276     -0.249468   -0.0573355    -0.352686     0.206324
  -0.176555     0.947941   -0.515668      0.145999    -0.173957    0.139124    -0.11178     0.284664    -0.122929     0.116233      0.171792    -0.329151      0.239548     -0.10575      0.52957    -0.621757
 0.00334374    -0.242989    0.153136    -0.0518464   -0.0139252   -0.113669   -0.147827   -0.0713182    -0.127187    -0.108459    -0.0780847      0.11164     -0.091954    -0.114583    -0.160106    0.0484779
 -0.0923182   -0.0213966  0.00596378     0.0420997   -0.0246603   -0.143992   -0.207532    -0.042406   -0.0279934   -0.0403362     0.0556692    0.0322877     -0.168177    -0.155005   -0.0350273  -0.00429517
 -0.0910386     0.409138   -0.307109    -0.0337449    -0.040704  -0.0614653   -0.051467     0.168632    -0.119967   -0.0182355    -0.0369975    -0.131514    -0.0202875    -0.373959     0.133953    -0.270011
  -0.034077    0.0368945   -0.205396    -0.0889014   -0.0773594  -0.0525253   -0.115534   -0.0494324    0.0338638   0.00515053    -0.0341683    -0.022083     -0.165148    -0.188671  -0.00203828     -0.23103
0.133222  -0.0820658  -0.0588114  0.116744  0.367728  0.196301  0.254071  -0.197732  0.115314  -0.479893  -0.793012  -0.341784  -0.151651  -0.45677  0.435444  0.434882  -0.269125  0.753395  -0.363438  0.236426  -0.523571  -0.196396  0.373445  0.556647  -0.522878  -0.760477  0.236906  -0.126588  -0.0553076  -0.0155549  0.473397  0.392241  0.342724  -0.240654  0.843441  0.160228  -0.134267  0.746402  -0.268823  -0.124949  0.251653  -0.385691  -0.503801  -0.420173  0.442952  -0.228585  -0.0345129  0.364277  0.106849
