  -0.0958131   -0.0415714   -0.0892752   0.00925441    0.0595194    0.0975459   -0.0117035    -0.04262   -0.00218461     0.0429008    0.0578754   -0.0209829     0.098272     0.0531291    -0.0555332     0.0867803
  -0.0586804    0.0823387   0.00247343    0.0880603   -0.0124143   -0.0131685   -0.0980377  -0.0176292    -0.0796158     0.0881178     0.044333    0.0373038    -0.041419    -0.0158377    -0.0853717    -0.0344197
 -0.00470637    0.0912845    0.0601766   -0.0323824   -0.0753543    0.0407731   -0.0959927   0.0159481     0.0805128    -0.0369734   -0.0765907   0.00577871   -0.0142122     0.0366689   -0.00141397    0.00314287
  -0.0847245    0.0607469    0.0377669    0.0019431    0.0187624    0.0849179   -0.0907406   -0.072695     0.0470807    -0.0987474    0.0596843     0.020336    -0.031072    -0.0578128     0.0450475    -0.0917002
  -0.0225255    0.0142101    0.0725362    0.0942595    -0.081602   -0.0117577   -0.0271079  -0.0253623     0.0216022    -0.0843255    0.0876265     0.076905     0.101233    -0.0846855    -0.0495653    -0.0761475
  -0.0230154   0.00956131   -0.0242007     0.051306    0.0754596     0.108685    0.0564003  -0.0624727   -0.00999031    0.00272499   -0.0381998    0.0945666    0.0608709     -0.109031    -0.0190709    -0.0119576
  -0.0222953   -0.0758763  -0.00772565    0.0627137    0.0950401   -0.0334035   -0.0333383  -0.0753545    -0.0947299     0.0326235   -0.0665062   -0.0508101    0.0791421     0.0579451     0.0103171    -0.0127047
   0.0767998   -0.0365615  -0.00322612   -0.0977044  0.000647959  -0.00205108    -0.082968   0.0545177     0.0344141     0.0571804    -0.073314   -0.0209327    0.0807786     -0.104535    0.00712741    -0.0191022
   0.0530867   -0.0749489    0.0232186    0.0534611    -0.017893   -0.0821078   -0.0818593   0.0245574     0.0682575     -0.043372    0.0400542    0.0870601   -0.0022018       0.03155     0.0485502    0.00275425
  -0.0653411   -0.0790676    0.0831247  -0.00523852    0.0767305   0.00867988   -0.0214833   -0.093795    -0.0405778   -0.00787548   -0.0480656    0.0444783   -0.0808281     0.0252442     0.0241521     0.0642818
  -0.0850869   -0.0205903    0.0597685    0.0585685  -0.00562242   -0.0742963   -0.0222343  -0.0236271     0.0286352     -0.070599   -0.0141388    0.0666611   -0.0813465    -0.0887651    -0.0252597     0.0727258
   0.0690943   -0.0239508  -0.00574296    0.0829284    0.0777859    0.0198847   -0.0753443      0.0487    -0.0818327     0.0343889    0.0722147    0.0798528    0.0333942     0.0158015    -0.0866181    -0.0804023
    0.021258   -0.0194642    0.0281652   -0.0275321    0.0414528   -0.0963466  -0.00894787  -0.0808719    -0.0516974    -0.0204535    0.0988201   -0.0609001    -0.051993    -0.0338592     0.0757857     0.0678021
   0.0576569   -0.0106099   -0.0789605   0.00433265   -0.0638814     0.070959    0.0148046  -0.0903206    -0.0169948    -0.0288034    0.0161235  -0.00434879     0.125348    -0.0289705    -0.0265685     0.0368975
-0.000431255     0.105323   -0.0706851   -0.0290589   -0.0707389   -0.0190697    -0.103159   0.0643602     0.0323687    -0.0593608   -0.0635332   0.00989586    0.0790946    -0.0461735      0.096587    -0.0915052
   0.0695148    0.0771672    0.0449175    0.0395307   -0.0144188    0.0450031    0.0836357  -0.0357593    -0.0307483     0.0214389    0.0828948    0.0231901   -0.0250654      0.066733     0.0278012   -0.00844638
   0.0714564     0.117991  -0.00928246   -0.0786044    0.0279367    0.0961897   -0.0544482   0.0369378     0.0154646   -0.00804903   0.00397605   -0.0010216    0.0420113     -0.108067     0.0219674    -0.0210505
   0.0326747   0.00286207    0.0835723    -0.068325   -0.0861421   -0.0492128   -0.0541754  -0.0944369     0.0606081     0.0444294   -0.0778763   -0.0593126   -0.0422298    -0.0409382    0.00708332    -0.0865748
 -0.00570181    -0.053886   -0.0511245   -0.0569817   -0.0583275     0.117625   -0.0238963   -0.096668     0.0859278    -0.0680588  -0.00823108    0.0652675    0.0969596    -0.0179635    -0.0344952    -0.0681918
   -0.058686   -0.0944181    0.0162734     -0.05035    0.0562584    0.0160057   -0.0284077  -0.0886484     0.0602899    -0.0732691    -0.061685  -0.00546295   -0.0795874    -0.0667307     0.0921097    -0.0159262
   0.0197525    0.0187772    0.0874198    -0.013397  -0.00831645    0.0146387   -0.0151545  -0.0704605     -0.062515    -0.0914822    0.0625195   -0.0598709   -0.0904284    -0.0725407     0.0589572     -0.100158
  -0.0761196    0.0125503   -0.0140378   -0.0643664    0.0380306  0.000205067   -0.0944244  -0.0717325    -0.0164782     0.0633683   -0.0416557   0.00764928    0.0661782     -0.104012   -0.00145053    -0.0217816
   0.0876784    0.0845071   -0.0995601   -0.0408718    0.0503037     0.033196    -0.110341  -0.0769413     0.0267645    0.00963035    0.0118826    0.0715013    0.0910425     0.0538125    -0.0188008    -0.0150052
  -0.0916637   0.00354829    0.0753343    0.0895477    0.0820643   -0.0776169    0.0794673  -0.0421914    -0.0873995      0.038964   -0.0647017    0.0214434  -0.00957266     -0.101229    -0.0353792     0.0573356
  -0.0570163    -0.124529    0.0757321   -0.0414218   -0.0304371    0.0411095    -0.010221  -0.0911855    -0.0936769     0.0564869   0.00209297   -0.0450228   -0.0323855      0.073768     0.0726688    -0.0851773
   0.0968368     0.103348   -0.0141978    0.0503583   -0.0931634    0.0362255   -0.0571912   0.0991407     0.0396597     0.0692519    0.0795466  0.000356186   -0.0638545  -0.000535966    -0.0544668    -0.0909007
   0.0416449  -0.00758886   0.00987748   -0.0324136    0.0390062    0.0551288   -0.0333576   0.0808135     0.0696658     -0.033727   -0.0169526   -0.0978882    0.0216796     0.0464006    -0.0407521    0.00300814
  -0.0964463   -0.0323557   -0.0467526    0.0113479   -0.0617537   -0.0335326   0.00073668  -0.0377733     0.0298938     0.0898664    0.0160922   0.00906763    0.0736897    -0.0674628    -0.0431638    -0.0581577
  -0.0649252    0.0107615   -0.0236142     0.039228   -0.0420306   -0.0545671   -0.0769423    0.068051    -0.0573743    -0.0502604     0.073172    0.0963946   -0.0612372    -0.0945078     0.0204026     0.0916021
  0.00767578    0.0866422    0.0311355    0.0929432   0.00194805     0.109128   -0.0945019  -0.0968398    -0.0902564     0.0447554     0.064326   -0.0290049    0.0905188    -0.0954902    -0.0750672     0.0541166
    0.026672    0.0729479   -0.0994428    0.0626974    0.0478296   -0.0483096   -0.0901855   0.0458231       0.10182    -0.0768455     0.035917   -0.0333712     0.017874     0.0597536     0.0971731     0.0118237
   0.0344386    0.0212742   -0.0382666    -0.082672    0.0326634    0.0251889   -0.0448789   0.0363575    -0.0401246    -0.0165858   -0.0348246  -0.00290745  0.000768169    -0.0884633     0.0517613    -0.0664344
  -0.0179564    0.0738927    0.0572751    0.0572994     0.059574    0.0251891    0.0274269  -0.0547213    0.00517792     0.0606385    -0.012054    0.0355295   0.00734501     0.0599206      0.066924     0.0514799
 -0.00286789    0.0754893   -0.0654434  -0.00831914     0.095933   -0.0152352    0.0412164  -0.0728146     0.0073891     0.0466452    0.0625922    -0.051009     0.081341     -0.119388      0.089703    -0.0771761
 -0.00136411   -0.0238519   0.00940388    0.0292607    0.0739866     0.108615    0.0282341   0.0708111    -0.0608269     0.0351043    0.0769419     0.100048      0.10338   -0.00658326  -0.000302296      0.035638
   0.0256782   -0.0528836    0.0341833   -0.0555665    -0.013074     0.030006    -0.102891   0.0310768    -0.0303619     0.0569954    0.0779104    0.0961777     0.101379     0.0401661     0.0031463   0.000872109
  -0.0266623    0.0728198    -0.132909     0.064923    0.0213306    0.0734067    0.0129894   0.0178109     0.0754829   -0.00265709    0.0867176   -0.0741277    0.0791066    -0.0913149    -0.0337119  -0.000766149
   -0.021552    0.0538234   -0.0305702    0.0345859   -0.0906584   0.00942706    0.0264956   0.0940765    0.00509288    -0.0885212     0.067407    0.0727592   -0.0654756      0.073771    -0.0283269   -0.00747573
  -0.0610917    0.0572079    0.0299454   -0.0760329   -0.0975326   -0.0322992   -0.0837324   0.0245553     0.0169434    -0.0956565   -0.0748666   0.00445674    0.0107031     0.0124091     0.0121953    -0.0118416
  -0.0242907    0.0595319   -0.0877202    0.0871526   -0.0369662   -0.0721207    -0.038357   0.0671508    -0.0823191     0.0277946    0.0679428    0.0434069    0.0352887    0.00566907     0.0131673     0.0272803
   0.0958363   -0.0139395     0.074263     0.013259   -0.0237844   -0.0268476   -0.0599033  -0.0901501    -0.0146472     0.0090174   0.00997835   -0.0107155    0.0608641    -0.0179881    -0.0481608    -0.0177533
  0.00580594    0.0144735    -0.031751    -0.053187    0.0766079    0.0315233   -0.0441845  -0.0425363     0.0837324     0.0408006   -0.0437467    0.0810287    -0.124193    -0.0188035     0.0106833     0.0733117
   0.0222094   -0.0847633    0.0102342    0.0222447    0.0982368    -0.048546     0.077913   0.0745435     0.0715526  -0.000708032    0.0634643   -0.0235478   -0.0731618    -0.0670971     0.0118317    -0.0423158
  -0.0858977     0.124455   -0.0719016   -0.0374138   -0.0781436    0.0838271  -0.00327188  -0.0417898  -0.000914826     0.0366916    0.0933485   -0.0704556    0.0394433    -0.0986188       0.10068    0.00936805
   0.0679205   -0.0443413    0.0494327  -0.00565335    0.0098415  -0.00931157    -0.036446  -0.0249463    -0.0922346    -0.0593922  -0.00263484    0.0811391    0.0751814    -0.0142834      0.044585     0.0176528
  -0.0293861    0.0353303   -0.0028924    0.0603682    0.0013999   -0.0398659    -0.104301  -0.0351286     0.0100841    0.00427074    0.0938884    0.0450941   -0.0187153    -0.0333754     0.0657255     0.0587067
  -0.0263803    0.0201981   -0.0479038   -0.0861066   0.00323718    0.0316248    0.0780529    0.084078    -0.0722542   -0.00327105   -0.0805137   -0.0245225    0.0805138    -0.0778855    -0.0483992   0.000510177
   0.0528468   -0.0206807    -0.110213   -0.0921533    -0.034109    0.0884019    0.0489226  -0.0721738      0.102055     0.0679813   -0.0170962    0.0291025    0.0339985     0.0486682     0.0305044    -0.0839222
0.103009  0.0698333  0.0112875  0.110158  0.120702  0.0997131  0.10983  0.0450298  0.0638474  -0.0393372  -0.0460587  0.0323927  0.0155468  -0.0167564  0.180534  0.106878  0.0465653  0.159406  -0.00255181  0.150069  -0.0567208  0.0277171  0.111583  0.164691  -0.0268979  -0.0956298  0.0791437  0.0682874  0.00377975  0.0431832  0.133609  0.09228  0.0950547  0.0555161  0.181783  0.168336  0.0829902  0.195964  -0.00308819  0.0118415  0.0819642  -0.0146073  -0.0358817  -0.00742141  0.194559  0.0490753  0.0244089  0.152001  0.101377
