 -0.0992883   -0.0404456   -0.0974817   0.00836421     0.0554098     0.0894539   -0.0233299  -0.0425823   -0.00647607    0.0389309     0.0565465   -0.0227443     0.088054   0.0370021     -0.057811    0.0810792
 -0.0606051     0.080651   0.00144539    0.0868086    -0.0139202    -0.0180667    -0.102742  -0.0178828    -0.0820415     0.086193     0.0441232    0.0367032   -0.0497695   -0.022525     -0.086895   -0.0369465
-0.00824395    0.0991405    0.0409261   -0.0306872    -0.0818905      0.033277    -0.112729   0.0171185      0.075904   -0.0424715    -0.0793117   0.00306677   -0.0179462   0.0118593   -0.00214267   -0.0036166
   -0.08734    0.0715221    0.0171087    0.0043822     0.0125041     0.0796195    -0.106779  -0.0714407     0.0437769    -0.103445     0.0563918    0.0176129   -0.0298666  -0.0824336     0.0452514   -0.0971035
 -0.0255082    0.0223668    0.0544305    0.0962423    -0.0873622    -0.0176725   -0.0422886  -0.0241927     0.0178441   -0.0889123     0.0847512    0.0743472     0.100121   -0.106601    -0.0500886   -0.0821289
    -0.0265     0.017466    -0.043029    0.0530876     0.0689361      0.101329    0.0398388  -0.0613504    -0.0146699  -0.00244579    -0.0412024    0.0917162    0.0578757   -0.132921    -0.0199484   -0.0186731
 -0.0257164   -0.0772639   -0.0119244    0.0609375      0.091384    -0.0427111   -0.0432394  -0.0756401    -0.0995642    0.0291225    -0.0669463     -0.05218    0.0649612   0.0437606     0.0079096   -0.0179199
  0.0744034    -0.032323   -0.0139546   -0.0969687    -0.0034345   -0.00731999   -0.0932863   0.0550771     0.0311668    0.0536209    -0.0750369   -0.0226935    0.0770025   -0.119839    0.00630484   -0.0233633
   0.050472   -0.0854649    0.0354903    0.0484991    -0.0176202    -0.0913041   -0.0823623   0.0228013     0.0642528   -0.0441963     0.0419849    0.0874472   -0.0241614   0.0309968     0.0448722  0.000457551
 -0.0679151   -0.0919337    0.0994636   -0.0111096     0.0771725   -0.00130861   -0.0200458  -0.0958663     -0.044833  -0.00793809    -0.0450713    0.0451468    -0.105843   0.0278243     0.0200028    0.0617421
 -0.0870437   -0.0206699    0.0563599    0.0579483   -0.00788649     -0.078758   -0.0280031  -0.0236285     0.0261944   -0.0723647    -0.0146296    0.0656425   -0.0874245  -0.0963262    -0.0267392    0.0694005
  0.0662183   -0.0274483  -0.00558259    0.0805252     0.0755494     0.0115131   -0.0820234   0.0480515    -0.0859146    0.0317217     0.0722716    0.0791303    0.0186197  0.00597347    -0.0890008   -0.0840736
  0.0190452   -0.0259859    0.0350457   -0.0302788     0.0407472     -0.102785   -0.0102154  -0.0817133    -0.0548426   -0.0210758      0.100012   -0.0610982   -0.0660383  -0.0343559     0.0727311    0.0646011
  0.0533719   0.00543218    -0.112976   0.00910467     -0.074038      0.064236  -0.00988022  -0.0878096    -0.0219646   -0.0362983     0.0107617  -0.00888981     0.130481  -0.0643895    -0.0265151    0.0274456
-0.00164354     0.117252   -0.0895116   -0.0251258    -0.0749228    -0.0197305    -0.114219   0.0660573      0.031015   -0.0627626    -0.0670268   0.00770296    0.0882898  -0.0633191     0.0974762   -0.0950304
  0.0654103    0.0744045    0.0419872     0.037076    -0.0183664     0.0338352    0.0727189  -0.0362686    -0.0363443    0.0177487     0.0826467    0.0217762   -0.0429938   0.0515549     0.0245487   -0.0146167
  0.0683056     0.133806   -0.0388368   -0.0742428     0.0191653     0.0901969    -0.075692   0.0390765     0.0108599   -0.0145146  -0.000760576  -0.00492311     0.046736   -0.140666     0.0229136   -0.0281497
  0.0306176  -0.00157241    0.0866891   -0.0704418    -0.0872822    -0.0550882   -0.0571251  -0.0950187      0.057729    0.0431418    -0.0772482     -0.05969   -0.0540493  -0.0446623    0.00495167   -0.0892505
-0.00926981    -0.041274   -0.0776706   -0.0533874    -0.0667921       0.11158   -0.0436742   -0.094751     0.0815635   -0.0740072    -0.0123733    0.0615681    0.0999669  -0.0463141    -0.0345763   -0.0760731
 -0.0600744    -0.104438    0.0304955   -0.0539916     0.0575586      0.010931   -0.0238214  -0.0899723     0.0580196    -0.072137    -0.0594506  -0.00474174   -0.0939803  -0.0587078     0.0887219   -0.0174873
  0.0175708    0.0183327    0.0843867   -0.0141987    -0.0104965    0.00960322   -0.0211652   -0.070502    -0.0650541   -0.0934587      0.062098   -0.0607746   -0.0976856  -0.0805686     0.0571958    -0.103737
 -0.0780077    0.0230354   -0.0327781   -0.0616843     0.0325613   -0.00321475     -0.10782  -0.0704401    -0.0190593    0.0589403    -0.0445388   0.00525997     0.069456   -0.124909  -0.000739186   -0.0261211
  0.0837492    0.0985561    -0.129938   -0.0365073     0.0411934     0.0267442    -0.132288  -0.0746656     0.0219105   0.00262533    0.00705461    0.0673836    0.0950091    0.021837     -0.018679   -0.0233686
 -0.0939847  -0.00515035    0.0851226    0.0855831      0.081876    -0.0854104    0.0786193  -0.0434947    -0.0910522    0.0383322    -0.0631087     0.021565   -0.0275747   -0.101504    -0.0386614    0.0548139
 -0.0599831    -0.143576     0.100321   -0.0499435    -0.0276786     0.0293451  -0.00585495  -0.0942256    -0.0978221    0.0566097    0.00633826   -0.0431733   -0.0652714   0.0805014     0.0670683   -0.0867606
  0.0939888     0.109478    -0.028849    0.0516029    -0.0976502     0.0305515   -0.0701876    0.100021      0.036385    0.0648238     0.0772546  -0.00163409   -0.0666908  -0.0197561    -0.0553047   -0.0961362
    0.03802   -0.0063584   0.00134885   -0.0332898     0.0345009     0.0461421     -0.04572   0.0808931     0.0648931   -0.0379607     -0.018163   -0.0996935    0.0101341    0.028803    -0.0429226  -0.00286931
 -0.0987604   -0.0353208   -0.0460913    0.0093802    -0.0632479    -0.0399711  -0.00449859  -0.0383447      0.026756    0.0877786     0.0159984   0.00848213    0.0621161  -0.0747552    -0.0453077   -0.0609564
 -0.0664204    0.0132488   -0.0296489     0.039408    -0.0438924    -0.0570911   -0.0831158   0.0682963    -0.0587202   -0.0521541     0.0719302    0.0953185   -0.0629605   -0.103059     0.0195823     0.089088
 0.00447376    0.0987257   0.00588443    0.0963195   -0.00559137      0.103144     -0.11287  -0.0950027    -0.0944615    0.0387265     0.0603688   -0.0323606    0.0929152   -0.123203    -0.0748137    0.0471447
  0.0235189    0.0803253    -0.116455    0.0645009     0.0419101    -0.0546958    -0.104868   0.0468905     0.0977193   -0.0815199     0.0329935   -0.0359209    0.0157819   0.0382926     0.0962424   0.00587221
  0.0323782    0.0298441   -0.0542538   -0.0806902     0.0279255     0.0216082   -0.0573999   0.0374034    -0.0425245   -0.0204054    -0.0375025  -0.00507926   0.00236496   -0.107202     0.0517823   -0.0706348
 -0.0217844    0.0720787    0.0533696    0.0552441     0.0558323     0.0149424    0.0166481  -0.0550955  -2.11602E-05    0.0569177    -0.0125169    0.0340682  -0.00858349   0.0448273     0.0640447    0.0456739
-0.00610341    0.0944625   -0.0997721  -0.00255566     0.0860794    -0.0202421    0.0172293  -0.0701661    0.00303207    0.0396323     0.0570322   -0.0554848    0.0899333   -0.154923     0.0909937   -0.0850606
-0.00550117   -0.0127383   -0.0159801    0.0316412     0.0670237      0.101477   0.00710262   0.0722741    -0.0648629    0.0282465     0.0729271    0.0968216     0.102446  -0.0369593   -0.00122132    0.0276636
  0.0219274   -0.0499184    0.0224033   -0.0558227    -0.0184575     0.0210756    -0.116999   0.0314587    -0.0353017    0.0522861     0.0763215    0.0939796    0.0913097   0.0199896    0.00132687  -0.00558534
 -0.0295583    0.0932169    -0.168902    0.0718603     0.0108574     0.0692156   -0.0097458   0.0209772     0.0708439  -0.00896439     0.0805207   -0.0789906    0.0922494   -0.124611      -0.03196  -0.00896547
 -0.0246752    0.0478938   -0.0265008    0.0311693    -0.0922333  -8.36638E-06    0.0208711   0.0930096   0.000741271   -0.0907598     0.0680321    0.0723141   -0.0838091   0.0659878    -0.0315589   -0.0112589
 -0.0633538    0.0549809      0.02941   -0.0775099    -0.0992755    -0.0382679   -0.0890077   0.0241784     0.0139488   -0.0976778    -0.0750319   0.00376631  0.000538443  0.00500484     0.0102304   -0.0148752
 -0.0268259    0.0666685    -0.103034    0.0889252    -0.0414878    -0.0764299   -0.0510362   0.0681998    -0.0850358    0.0237332      0.065334    0.0412262    0.0352388  -0.0124735      0.012515    0.0222703
  0.0929569   -0.0217707    0.0813368   0.00921331    -0.0247198    -0.0361892   -0.0635239   -0.091473     -0.018921   0.00720346     0.0111411   -0.0108448    0.0409448  -0.0231882    -0.0513684   -0.0207751
 0.00372742    0.0049142   -0.0203397   -0.0570604     0.0768303     0.0245965   -0.0428411  -0.0438877     0.0804984    0.0407973    -0.0419767    0.0813053     -0.14098  -0.0158201    0.00728743    0.0711164
  0.0195982   -0.0912683     0.016275    0.0189199     0.0969681    -0.0566331    0.0748181   0.0734985     0.0677271  -0.00190513     0.0645685   -0.0238239   -0.0896544  -0.0707297    0.00867778   -0.0457841
 -0.0886935     0.145585    -0.107861   -0.0310718    -0.0866539     0.0801386   -0.0267832  -0.0388699   -0.00447481    0.0296629     0.0872613   -0.0747385    0.0515034   -0.134485      0.102472   0.00199644
  0.0644408    -0.044674    0.0435393  -0.00700371    0.00577098    -0.0184379   -0.0471835  -0.0250707    -0.0970719   -0.0630766   -0.00338134    0.0795465    0.0621792  -0.0296994     0.0422826    0.0122036
 -0.0317482    0.0347213  -0.00604889    0.0594252  -0.000960118    -0.0454828    -0.110793  -0.0352423    0.00711718   0.00195309     0.0932552     0.044049   -0.0268981  -0.0423942     0.0638667    0.0551364
 -0.0298075    0.0343335   -0.0762618   -0.0820231   -0.00542723     0.0257331    0.0569475   0.0862113    -0.0767592   -0.0095477    -0.0847339   -0.0283392     0.084419    -0.10822    -0.0480224  -0.00736662
  0.0488929   -0.0154745     -0.12619   -0.0918149    -0.0402017     0.0800605    0.0326329  -0.0715473     0.0974689    0.0627282    -0.0195265    0.0265497    0.0269004    0.025593     0.0287372   -0.0908951
0.0711038  0.0601591  0.0109334  0.0971241  0.120618  0.102134  0.11168  0.0225272  0.0740655  -0.0640975  -0.104009  0.0143952  0.00336927  -0.0455315  0.191034  0.149885  0.00571119  0.179678  -0.023403  0.151423  -0.0778317  0.00629766  0.125158  0.17869  -0.0538161  -0.151692  0.0794761  0.0463874  0.0120311  0.048362  0.150123  0.107232  0.105799  0.020428  0.201396  0.146704  0.0598315  0.231011  -0.0231389  0.0110388  0.0969272  -0.0332315  -0.0584546  -0.0441918  0.22329  0.0289047  0.0239785  0.156843  0.0902401
