  -0.125242   -0.0440863    -0.114021   0.00350595    0.0420757    0.0371043    -0.0755591  -0.0418891   -0.0340057   0.00991176    0.0481251    -0.033516     0.0247882   -0.0296694    -0.0793347    0.0500629
 -0.0747402    0.0615955   0.00826962    0.0770024   -0.0211507   -0.0503768     -0.121975  -0.0186909   -0.0980507    0.0721821    0.0378092    0.0353577     -0.102982   -0.0518545    -0.0990718   -0.0471268
 -0.0272872     0.123131  3.38858E-05   -0.0235695   -0.0899772  7.28761E-05     -0.163168   0.0189289     0.058935   -0.0673528   -0.0821969  -0.00820525    -0.0407305    -0.057895     -0.014205   -0.0335913
 -0.0994346     0.136563   -0.0496184    0.0264694   0.00849801      0.06479     -0.162161  -0.0689163    0.0373113    -0.122459    0.0581578   0.00256288   -0.00353421    -0.158865     0.0446533    -0.126706
 -0.0404469    0.0699114  6.14799E-05     0.116746   -0.0943485   -0.0409823    -0.0905935  -0.0205654   0.00463122    -0.109219    0.0833386    0.0589125      0.115284    -0.166433    -0.0570038    -0.115963
 -0.0468781    0.0622985    -0.101519    0.0701723    0.0592226     0.065705     -0.023703  -0.0583444   -0.0330695   -0.0296491   -0.0437426    0.0743396      0.053307    -0.212521    -0.0316485   -0.0586642
 -0.0476835     -0.11841   0.00813374    0.0360463    0.0814058   -0.0925193    -0.0748314  -0.0780236    -0.122555   0.00599747   -0.0769679   -0.0517002     -0.033018  -0.00261582    -0.0129794   -0.0292069
  0.0570776  -0.00989984    -0.048881    -0.089684   -0.0112881     -0.03801     -0.138684   0.0565242    0.0149757    0.0314669   -0.0779057    -0.033027     0.0556115    -0.182209   -0.00401693   -0.0500558
  0.0322606    -0.184395     0.119878  -0.00376505   -0.0254517    -0.148264    -0.0810138   0.0155516    0.0396604   -0.0564201    0.0275682     0.103521     -0.181447    0.0186995     0.0207841    0.0146983
  -0.080595    -0.238302     0.240835   -0.0883853     0.069814   -0.0633782    0.00327982   -0.107763   -0.0671739   -0.0145986   -0.0615078    0.0759615     -0.316718    0.0382163      -0.00646     0.101752
 -0.0986673   -0.0616865    0.0849184    0.0406402   -0.0140433    -0.108245    -0.0319673  -0.0253612    0.0118056   -0.0804467   -0.0210989    0.0702541     -0.154297    -0.103332    -0.0404933     0.065355
  0.0468012   -0.0607573    0.0110396    0.0616616    0.0656391   -0.0330874     -0.108828   0.0462554    -0.107644    0.0125466    0.0632941    0.0784058    -0.0633447   -0.0334724      -0.10696   -0.0946206
 0.00455449    -0.115586     0.114695   -0.0702568     0.031301    -0.153403  -0.000720561  -0.0869988   -0.0783018   -0.0289494    0.0873063   -0.0455807     -0.200928   -0.0322817     0.0521377    0.0762937
  0.0332857     0.106441    -0.216493    0.0562793   -0.0856825    0.0334762    -0.0913359  -0.0807468   -0.0431226   -0.0656462     0.012808   -0.0371276      0.179863     -0.16205    -0.0284589   -0.0319825
 -0.0104785     0.225152    -0.181546    0.0233807   -0.0798156   -0.0296324     -0.171466    0.071785    0.0214007   -0.0798445   -0.0618521   -0.0142089      0.161088    -0.141031       0.10616    -0.135772
  0.0382136  0.000180319    0.0860435  -0.00474709   -0.0296306   -0.0335543     0.0415281  -0.0411515   -0.0646753  -0.00972376    0.0683054    0.0283797     -0.190756  -0.00119728   -0.00459758   -0.0204929
  0.0537134     0.249135    -0.147234   -0.0315476    0.0148881    0.0675211     -0.160112   0.0431553   0.00119296   -0.0399866   0.00375272   -0.0281253     0.0968575     -0.25982     0.0310929   -0.0744199
  0.0169899   -0.0678855     0.141164     -0.10122   -0.0936643   -0.0969896    -0.0576995  -0.0989245    0.0373972    0.0332103   -0.0866896   -0.0494051     -0.160957   -0.0525977    -0.0108977   -0.0832841
 -0.0297689    0.0289842    -0.154509   -0.0224521   -0.0788503    0.0753723     -0.115717  -0.0901034    0.0587212    -0.101878   -0.0121101    0.0403316      0.112825    -0.138893    -0.0397809    -0.122938
 -0.0705572    -0.205016     0.125093   -0.0981328    0.0505885   -0.0340388  -0.000867132  -0.0953522    0.0367245   -0.0748765   -0.0722723    0.0143474     -0.225165   -0.0352261     0.0675196   0.00181814
 0.00486255   -0.0202118     0.110455   -0.0306375   -0.0174081   -0.0237835    -0.0285256  -0.0721626   -0.0805995    -0.102863    0.0547039   -0.0567093     -0.166569   -0.0952642     0.0423136    -0.108194
 -0.0898513    0.0902711   -0.0999956   -0.0374236    0.0282966   -0.0188816     -0.162327  -0.0676654   -0.0265754    0.0381402   -0.0426618  -0.00991712     0.0961105    -0.201443  -0.000479767   -0.0571263
  0.0646447     0.204873    -0.235971    0.0134475    0.0283024  -0.00458423     -0.211899  -0.0677997  -0.00213489   -0.0262287    0.0103456    0.0398123      0.144654   -0.0823984    -0.0168792   -0.0800377
  -0.109217    -0.103444       0.1722    0.0374268    0.0726184    -0.138862     0.0839978  -0.0506067    -0.114685    0.0266879   -0.0750813    0.0397352     -0.184155    -0.107192    -0.0553894    0.0725644
 -0.0739699    -0.308019      0.25575    -0.146484   -0.0320909    -0.038448     0.0136115   -0.109004    -0.118498      0.04211   -0.0132558  -0.00676142     -0.312243    0.0717512     0.0397794   -0.0323996
  0.0778447     0.138934   -0.0700836    0.0627134     -0.10448   0.00321177     -0.113912    0.102336    0.0220102    0.0433691    0.0746182   -0.0131639    -0.0740143    -0.079281    -0.0647575    -0.124079
  0.0149778   -0.0276313  0.000683284   -0.0471048    0.0238818  -0.00255477    -0.0861614   0.0801457    0.0406934   -0.0631795   -0.0264207     -0.10398    -0.0670797   -0.0276908    -0.0634829   -0.0235422
   -0.11647   -0.0559186    -0.040841  -0.00203139    -0.071811   -0.0785172    -0.0315847  -0.0391374   0.00685255    0.0688728     0.008731   0.00578744  -9.46985E-05    -0.112554    -0.0607149   -0.0749279
 -0.0790723    0.0123269    -0.040868     0.037228   -0.0486551   -0.0782518     -0.108194   0.0684723   -0.0675427   -0.0648551     0.067697    0.0903184    -0.0882227    -0.134513    0.00726971    0.0726698
 -0.0103181     0.192439   -0.0854741     0.136596   -0.0127846     0.079267     -0.179886   -0.089645    -0.107711      0.01486    0.0621563    -0.054864      0.140195    -0.211644     -0.071256    0.0013516
 0.00625315     0.141216    -0.183103    0.0908562    0.0327556   -0.0819541     -0.162119   0.0509586     0.079702    -0.105084    0.0324704   -0.0543414     0.0347771   -0.0371687     0.0890068   -0.0344457
  0.0188316    0.0792558    -0.108976   -0.0639827    0.0234305   0.00413755     -0.107998    0.039691   -0.0504887   -0.0400541     -0.03757   -0.0186694     0.0160772    -0.174055     0.0463034   -0.0996827
 -0.0487106   0.00842777    0.0872667    0.0191148    0.0447643   -0.0497289    -0.0168112  -0.0589887   -0.0277595    0.0291971    -0.025978    0.0380485     -0.141643  -0.00864149     0.0356848    0.0352715
 -0.0158288     0.227241    -0.219137    0.0519047    0.0822172   -0.0291593    -0.0606807     -0.0644  -0.00121922    0.0175987     0.063527   -0.0823834      0.179891    -0.255861      0.100359    -0.136943
  -0.031894    0.0304077   -0.0806686    0.0494294    0.0530836    0.0578534    -0.0661067    0.076598   -0.0896006  -0.00560715    0.0689012     0.075771     0.0919096    -0.124102    -0.0196401    -0.021984
-0.00183518   -0.0646039    0.0150975    -0.066616   -0.0298534   -0.0268594     -0.161764   0.0312792   -0.0588167    0.0257822    0.0682706    0.0871098     0.0209416   -0.0398388    -0.0195114   -0.0295836
 -0.0385889     0.250187    -0.300002     0.143227   0.00416402    0.0489128     -0.091541   0.0285647    0.0566496   -0.0279564    0.0883674    -0.108339      0.192115    -0.233456    -0.0118036    -0.068169
 -0.0446544   -0.0187995    0.0216636  -0.00468269    -0.100237   -0.0532959    0.00523117   0.0883336   -0.0224515    -0.107926    0.0560718    0.0801197     -0.207228    0.0346171    -0.0538918   -0.0107828
 -0.0791521      0.02745    0.0417113   -0.0909186    -0.106055    -0.073693     -0.108494   0.0229451  -0.00324573    -0.111772   -0.0818234   0.00329663    -0.0637096   -0.0242973   -0.00525125   -0.0254705
 -0.0415967     0.111725    -0.155285     0.109039   -0.0482198   -0.0964046    -0.0958505   0.0721113   -0.0966915   0.00353624    0.0632624    0.0251569     0.0553226   -0.0642214    0.00321474   -0.0125055
  0.0732417   -0.0960971     0.137777   -0.0294703   -0.0340491   -0.0904232    -0.0747905  -0.0965671   -0.0427116  -0.00875686  -0.00124238  -0.00173118    -0.0910572    -0.048892    -0.0722816   -0.0172201
 -0.0116989   -0.0937765    0.0648529    -0.100489    0.0678539   -0.0262909     -0.030117  -0.0489442    0.0560244    0.0318539   -0.0556792    0.0972377      -0.27573  -0.00412441    -0.0177968    0.0834695
 0.00400635    -0.181662    0.0932778   -0.0260103    0.0883394    -0.105859     0.0768954   0.0676752    0.0446506   -0.0149188    0.0517619  -0.00752948     -0.227458   -0.0760023    -0.0125548   -0.0321518
  -0.098509     0.293662    -0.237661    0.0277493   -0.0866762    0.0693456     -0.115606  -0.0332386  -0.00624755   0.00726477    0.0943457    -0.102653       0.14403    -0.251537      0.116912   -0.0518611
  0.0433833   -0.0823701    0.0597986   -0.0275748  -0.00388353   -0.0646711    -0.0761395  -0.0269276    -0.117849    -0.083346   -0.0126848    0.0793164    -0.0250154   -0.0708392     0.0208692  -0.00130925
 -0.0483462    0.0194585  -0.00573871    0.0515178  -0.00863677   -0.0803878     -0.135706  -0.0355954  -0.00966043   -0.0142196    0.0861968    0.0406154    -0.0778438   -0.0777063     0.0478327    0.0390417
 -0.0465928     0.105767    -0.152899   -0.0528389   -0.0125879  0.000605199   -0.00968329    0.090849   -0.0908843   -0.0359546   -0.0842649   -0.0481628      0.111656    -0.190622    -0.0532215    -0.050998
  0.0225718  -0.00532573    -0.159579   -0.0907466   -0.0530398     0.031078    -0.0275925  -0.0698376    0.0708816    0.0308476   -0.0260721    0.0136446    -0.0214865   -0.0508366    0.00751671    -0.127611
-0.00815815  0.0601662  0.00974337  0.099377  0.202044  0.176819  0.166147  -0.0345515  0.102342  -0.210373  -0.386872  -0.0972454  -0.0175588  -0.205807  0.295922  0.335399  -0.106656  0.341292  -0.144773  0.200368  -0.245258  -0.0785084  0.211755  0.31563  -0.217247  -0.410121  0.130797  -0.00164509  0.0171094  0.0323936  0.297319  0.220565  0.167686  -0.0777564  0.393225  0.157088  0.0115504  0.449592  -0.114741  -0.0223147  0.185896  -0.124942  -0.216848  -0.204922  0.427342  -0.0432761  0.0178373  0.22  0.0809889
