  -0.137955   -0.0504464    -0.115983  0.00304688   0.0350445    0.0162582   -0.0900523  -0.0406386   -0.0463249   0.00168177     0.0419408    -0.0358909   0.00199335   -0.0485296    -0.0916216     0.0382392
 -0.0808334    0.0506766     0.010239   0.0754243  -0.0251415   -0.0595083    -0.129399  -0.0185742    -0.104461    0.0665213     0.0358081     0.0329849    -0.125412    -0.061721     -0.105374    -0.0531048
  -0.035842     0.135829  -0.00772612  -0.0221594  -0.0922743   -0.0176789    -0.173671   0.0199003    0.0523363   -0.0690933    -0.0883077   -0.00645649   -0.0385246   -0.0762834    -0.0208772    -0.0401278
  -0.107476     0.180541   -0.0676988   0.0294917   0.0102349    0.0435683    -0.176716  -0.0679013    0.0331605    -0.119349     0.0488958     0.0101949    0.0308659    -0.187124     0.0422108     -0.128548
  -0.049541     0.107904   -0.0138308    0.121146  -0.0966791   -0.0645224    -0.101513  -0.0188021  -0.00096734    -0.106233     0.0745446     0.0648136     0.144755    -0.188131    -0.0609345      -0.12061
 -0.0576916    0.0984939    -0.116377   0.0721202   0.0556492    0.0380682   -0.0416245    -0.05732   -0.0403739   -0.0298279    -0.0519281     0.0795905    0.0705918    -0.245025    -0.0355516     -0.063833
 -0.0555359    -0.147215    0.0151973   0.0321972   0.0756986   -0.0976021    -0.083314  -0.0778561    -0.132264  -0.00446123    -0.0785539    -0.0574504   -0.0722311  -0.00825432    -0.0240663    -0.0380004
  0.0485792   0.00589387    -0.057288  -0.0882041  -0.0136742   -0.0564537    -0.150105   0.0572092   0.00873222     0.030085    -0.0839951    -0.0307987     0.059049    -0.202988   -0.00982822    -0.0558513
  0.0331018     -0.25252     0.151683  -0.0127451  -0.0356204    -0.131422   -0.0776331   0.0133028    0.0316547   -0.0702213     0.0346175     0.0900061    -0.260762    0.0343298     0.0122618     0.0111604
 -0.0696692    -0.341487      0.29664  -0.0986776   0.0572594   -0.0182504    0.0214381   -0.112982   -0.0719569   -0.0307324    -0.0454659     0.0556337    -0.422328    0.0813111    -0.0119462       0.10655
 -0.0999079   -0.0949136      0.10131   0.0381856  -0.0207088    -0.105931   -0.0307131  -0.0260995   0.00721972   -0.0866987    -0.0179943      0.063063    -0.197935   -0.0969347     -0.044968     0.0604627
  0.0392302   -0.0842574    0.0165359   0.0586853   0.0598822   -0.0410761    -0.116914   0.0463256    -0.116869   0.00364907     0.0614584     0.0735209   -0.0989744   -0.0414036      -0.11656     -0.102922
 0.00667583    -0.178566     0.148534  -0.0766437   0.0206841    -0.138324   0.00336185  -0.0886785   -0.0840867   -0.0403182     0.0951942    -0.0581479    -0.277809   -0.0148284     0.0465662     0.0732066
  0.0192578     0.178952     -0.23824   0.0644325   -0.089636   -0.0136705    -0.113084  -0.0793773   -0.0532542   -0.0605702  -0.000507037    -0.0252652     0.222756    -0.210567    -0.0293306    -0.0357023
 -0.0183582     0.315146    -0.205933   0.0372978  -0.0788445   -0.0635389    -0.178142   0.0742526    0.0194007   -0.0634159    -0.0757478    0.00168128     0.246955    -0.167999      0.109928     -0.133549
  0.0316024    -0.052076     0.104249   -0.012619  -0.0378516   -0.0338714    0.0318481  -0.0423151    -0.075786   -0.0248491     0.0696853     0.0184481    -0.261444  -0.00506156    -0.0167193    -0.0289756
  0.0467493     0.342088    -0.177969   -0.022025   0.0195619    0.0385416    -0.172954     0.04477  0.000507894    -0.024629   -0.00980297    -0.0111913     0.185981    -0.294171     0.0358463    -0.0698814
  0.0166721    -0.118447     0.165571   -0.109117   -0.100639   -0.0881212   -0.0575489   -0.100373    0.0300844    0.0211162    -0.0818236    -0.0582654    -0.224419   -0.0440576    -0.0162956    -0.0857157
 -0.0422366    0.0695733    -0.168934  -0.0173379  -0.0824973    0.0397225     -0.13549    -0.08922    0.0474957    -0.101807    -0.0218653     0.0468451     0.125849    -0.179345     -0.043936      -0.12863
 -0.0659942    -0.282637     0.164355   -0.106765   0.0405499  -0.00753838    0.0125146  -0.0976912    0.0324253   -0.0873672    -0.0638673  -0.000664453     -0.30116  -0.00153758     0.0583689  -0.000131357
 0.00342328   -0.0536816     0.126003   -0.034154  -0.0243231   -0.0229197   -0.0284468  -0.0728591   -0.0856589      -0.1097     0.0571462     -0.063146    -0.211042   -0.0911491     0.0374694     -0.112609
 -0.0963326     0.142277    -0.118758  -0.0324034   0.0292766   -0.0398957    -0.173759  -0.0667735   -0.0288098    0.0442088    -0.0515187  -0.000874711     0.140531    -0.228023  -0.000116609    -0.0565312
  0.0523742     0.285966    -0.259985   0.0240352    0.024336   -0.0498756    -0.230911  -0.0662542   -0.0101588   -0.0172605   -0.00303782     0.0536932     0.199797    -0.129374    -0.0144392    -0.0805865
  -0.107384    -0.162371     0.205018    0.033157   0.0646941    -0.125511    0.0865958  -0.0528223    -0.121491     0.015321    -0.0671449     0.0277582    -0.260959   -0.0929041    -0.0591038     0.0695032
 -0.0633451    -0.418432     0.308018   -0.160879  -0.0450174    0.0154532    0.0249938   -0.113943    -0.128449    0.0177052    0.00191073    -0.0261701    -0.421526     0.110473     0.0329732    -0.0245288
  0.0686723     0.158732   -0.0804625   0.0642005   -0.106435   -0.0165106    -0.124897     0.10362    0.0160564    0.0420107     0.0671568    -0.0101406   -0.0636485   -0.0995281    -0.0712171     -0.130102
 0.00617873   -0.0508341   0.00537797  -0.0506462   0.0178041   -0.0124086   -0.0941409   0.0806287    0.0309787   -0.0722624    -0.0295925     -0.108734    -0.100413   -0.0350754    -0.0751931    -0.0333041
  -0.124306   -0.0670422   -0.0396248  -0.0036717  -0.0760475   -0.0892749   -0.0408451   -0.038628  -0.00123501    0.0619376    0.00567339    0.00332037   -0.0227135    -0.123611    -0.0688842    -0.0823188
 -0.0846985    0.0101355   -0.0419138   0.0363715  -0.0512161   -0.0879406    -0.115537   0.0686508   -0.0716304   -0.0679736     0.0646492     0.0891535   -0.0995358    -0.144762    0.00140788     0.0668893
 -0.0211413     0.269863     -0.11111    0.140794  -0.0137651    0.0413749    -0.198452  -0.0878719     -0.11178    0.0212741     0.0491315    -0.0417351     0.200692    -0.252844    -0.0703084   0.000935497
-0.00415056     0.192024    -0.200961    0.096888   0.0300198    -0.110663    -0.175615   0.0528895     0.074084   -0.0992886     0.0216435    -0.0461242    0.0750236   -0.0641798     0.0857723    -0.0390876
  0.0107366     0.114474    -0.124025  -0.0610517   0.0237271   -0.0158755    -0.121427   0.0403852   -0.0542292   -0.0381979    -0.0456208    -0.0127396    0.0407739    -0.200345     0.0429318     -0.102335
 -0.0566222   -0.0345956     0.101299   0.0129597   0.0371062   -0.0542185   -0.0256638  -0.0595826   -0.0385535    0.0165092    -0.0261607     0.0294337    -0.200487    -0.013262     0.0228081     0.0252263
  -0.022757     0.337438    -0.250841   0.0631348   0.0836925   -0.0630827   -0.0661076  -0.0616012   0.00102328    0.0379078     0.0482271    -0.0634018     0.295202    -0.280107      0.107575      -0.13207
 -0.0457446    0.0579698   -0.0925545   0.0528202   0.0464984    0.0254154   -0.0853516   0.0782847    -0.100133  -0.00852695      0.059937      0.079021    0.0969614    -0.156756    -0.0273465    -0.0314322
 -0.0113011   -0.0820202    0.0176705  -0.0692129  -0.0359224   -0.0391627    -0.170693   0.0321361   -0.0685126    0.0180014     0.0643101     0.0829877  -0.00677831   -0.0487417    -0.0310299    -0.0399299
  -0.049459     0.371104    -0.330223    0.153371  0.00229718  -0.00403501    -0.106583    0.031238    0.0513634  -0.00986668     0.0702287    -0.0871191     0.295435    -0.277108   -0.00368195    -0.0642117
 -0.0480188    -0.066381     0.039777  -0.0118645   -0.107519   -0.0491904  0.000612454   0.0872251   -0.0308013    -0.120227     0.0587303     0.0709808    -0.267825    0.0368027    -0.0624388    -0.0164174
 -0.0849442   0.00687824    0.0476502  -0.0947323   -0.110999   -0.0800579    -0.113908    0.023134  -0.00987589    -0.118522    -0.0831914  -0.000920171   -0.0936837   -0.0286757    -0.0133118    -0.0326162
 -0.0507021     0.152987    -0.169514    0.114244  -0.0506314     -0.11978    -0.105191   0.0740983   -0.0999925   0.00737228     0.0538535     0.0315219    0.0914605   -0.0830897  -0.000750553     -0.016956
  0.0694793    -0.146968     0.157999  -0.0364502  -0.0415274   -0.0861552   -0.0774693  -0.0975959   -0.0517509   -0.0211028    0.00142756    -0.0113839    -0.154493   -0.0438051    -0.0816257    -0.0239927
 -0.0105619    -0.167942     0.101356   -0.108291   0.0573811  -0.00922623   -0.0209294  -0.0510731    0.0490071    0.0188569    -0.0488498     0.0824821    -0.355329    0.0216314     -0.028438     0.0781425
  0.0064656    -0.247521     0.126163  -0.0323745   0.0805705   -0.0859437    0.0809809   0.0652586    0.0388159   -0.0287897     0.0589533    -0.0199837    -0.301962   -0.0571021    -0.0194494    -0.0337053
  -0.105082     0.411865    -0.271775   0.0392113  -0.0800844    0.0332595    -0.120559  -0.0304914   -0.0032625    0.0293403     0.0772696    -0.0811561     0.268644    -0.277996      0.124239    -0.0457782
  0.0365766    -0.111192    0.0686554  -0.0314429  -0.0102144   -0.0702816   -0.0825294  -0.0267841    -0.125727    -0.091753     -0.013781     0.0729987    -0.064589   -0.0738055      0.010622    -0.0104848
 -0.0552949    0.0102731  -0.00439484   0.0499047  -0.0132627   -0.0915431    -0.143961  -0.0353608   -0.0156601   -0.0191274     0.0831122     0.0380289   -0.0987581   -0.0883327     0.0399068     0.0313573
 -0.0562954     0.158048    -0.170503  -0.0459786  -0.0150356   -0.0288125   -0.0246393   0.0919301    -0.096511   -0.0315451    -0.0935806    -0.0396674     0.147112    -0.224098    -0.0543161     -0.053044
   0.010014  -0.00623187    -0.163504  -0.0910363  -0.0590625    0.0085944   -0.0424095  -0.0686032    0.0587932    0.0233741    -0.0327993     0.0127082   -0.0397891   -0.0728768   -0.00379877     -0.138208
-0.0935048  0.0163577  -0.0254513  0.0826465  0.203964  0.184846  0.170611  -0.0891311  0.095848  -0.306907  -0.520335  -0.166892  -0.071844  -0.3097  0.310557  0.394585  -0.189331  0.408629  -0.22933  0.18417  -0.357684  -0.167379  0.244691  0.354073  -0.301198  -0.542369  0.110871  -0.061997  -0.0113803  0.00145969  0.340228  0.232956  0.171049  -0.135389  0.470633  0.140936  -0.0272747  0.507881  -0.197599  -0.064351  0.202505  -0.197692  -0.315183  -0.311984  0.508545  -0.0946778  -0.0168581  0.239075  0.0385547
