   -0.154541    -0.0555854    -0.118481  -0.00266706    0.0314902  -0.0006122    -0.121639  -0.0404182   -0.0552665  -0.00821155     0.034031   -0.0400012  -0.0280416   -0.0784087    -0.110285    0.0220601
  -0.0909832     0.0448117    0.0132928    0.0698324   -0.0259894  -0.0672303    -0.150131  -0.0186785    -0.107866    0.0624958    0.0315486    0.0302877   -0.142364   -0.0767583    -0.118783   -0.0595092
  -0.0443493      0.146939   -0.0285906   -0.0155555   -0.0988717   -0.033228    -0.180582   0.0201064    0.0446495   -0.0735283   -0.0961607  -0.00630275  -0.0586538    -0.105467   -0.0233996   -0.0655707
   -0.106974      0.215207     -0.11408     0.045788  8.90588E-05   0.0276155    -0.156364  -0.0683054    0.0247932    -0.115941    0.0379373    0.0164858   0.0207281    -0.220607    0.0590053    -0.169455
  -0.0555371      0.138077   -0.0552356     0.137149    -0.111535  -0.0806498   -0.0879265  -0.0173319   -0.0119684    -0.110172    0.0637001    0.0664589    0.123656    -0.223791   -0.0495347    -0.166226
  -0.0605716      0.128666    -0.159502     0.086133    0.0456438   0.0228408   -0.0260249  -0.0570706    -0.048723   -0.0287735   -0.0629207    0.0835963   0.0519759    -0.281862   -0.0230593    -0.106417
  -0.0726801     -0.165395    0.0331218     0.013211    0.0787753   -0.106204    -0.128245  -0.0785332    -0.135251   -0.0103336   -0.0829853   -0.0641451  -0.0949452   -0.0270622   -0.0534286   -0.0351642
   0.0403573      0.019201   -0.0803474   -0.0793537   -0.0205793  -0.0727073    -0.157252   0.0568553   0.00086636     0.025184   -0.0920936   -0.0298451   0.0322593    -0.239272  -0.00995694   -0.0828518
  0.00928677     -0.303428     0.229061   -0.0578978   -0.0289326   -0.125522    -0.158321   0.0108275    0.0323272   -0.0765753     0.038425    0.0772672   -0.299761    0.0214265   -0.0393775    0.0617125
   -0.103645     -0.426519     0.436475    -0.190352    0.0726789   0.0065684    -0.103577   -0.119229   -0.0526428   -0.0279118   -0.0375922    0.0342445   -0.457526    0.0857592   -0.0992875     0.204431
   -0.114849      -0.12218     0.139829    0.0212831   -0.0216212   -0.110591   -0.0733878  -0.0270856   0.00427628   -0.0934266   -0.0165075    0.0566009   -0.228425    -0.106205   -0.0708361    0.0791605
    0.024369    -0.0988615     0.030681    0.0448152    0.0617497  -0.0492196    -0.154195   0.0459125    -0.119693  -0.00157884    0.0570849    0.0681339   -0.120249   -0.0578721    -0.140288    -0.102706
  -0.0175884      -0.23231     0.231084    -0.122876    0.0220297   -0.136937   -0.0757679  -0.0909513   -0.0854745   -0.0506843    0.0992472     -0.06979    -0.32578    -0.026512   -0.0031719     0.123475
   0.0166068      0.232897    -0.302476    0.0927169    -0.113096  -0.0376174   -0.0818573  -0.0806133    -0.067503   -0.0617156   -0.0134945   -0.0181604    0.174181    -0.281252   0.00323893   -0.0992038
  -0.0150934      0.386499    -0.283006     0.077024    -0.109004  -0.0882216    -0.125362   0.0724566   0.00601525   -0.0599175   -0.0875663    0.0132124    0.200859    -0.240656     0.163282    -0.202061
  0.00978648    -0.0864395     0.150033   -0.0421141   -0.0360887  -0.0411548   -0.0338059  -0.0443829   -0.0799023   -0.0329091    0.0672808   0.00992111   -0.305444   -0.0287588   -0.0556225  -0.00803446
   0.0552331      0.416713    -0.260209    0.0156118  -0.00025755   0.0159943    -0.121465   0.0425508   -0.0137983   -0.0132208   -0.0255043   0.00354523    0.157717     -0.36214    0.0849192    -0.137969
-0.000815694     -0.155471     0.223643    -0.144855   -0.0955902   -0.085563    -0.111921   -0.102321    0.0285647    0.0176353   -0.0793825   -0.0677197   -0.253549   -0.0465909   -0.0526459    -0.053567
  -0.0468926     0.0995765    -0.208323   0.00315331    -0.097041   0.0194007    -0.121871  -0.0899003    0.0373778    -0.103208   -0.0313274     0.050742    0.093274    -0.225768   -0.0294168    -0.169656
  -0.0918237     -0.341608     0.259489      -0.1654    0.0499155  0.00518534    -0.080976  -0.0997102    0.0374697     -0.09248   -0.0594991    -0.016157   -0.332344  0.000736067  -0.00179735    0.0603484
  -0.0118835    -0.0796475     0.161793    -0.053388    -0.024974  -0.0281691    -0.071308  -0.0738006   -0.0887197    -0.115937    0.0566453   -0.0692152   -0.244359     -0.10419    0.0116763   -0.0969212
  -0.0980872      0.181838    -0.169084   -0.0103566    0.0158364  -0.0609068    -0.159323  -0.0680654   -0.0403406    0.0416094   -0.0623386   0.00555897    0.105387    -0.286896    0.0218766    -0.100696
   0.0500854      0.345587    -0.328305    0.0545981  -0.00258318  -0.0846263    -0.203357  -0.0703211   -0.0273943   -0.0217008   -0.0150267    0.0630778    0.129452    -0.224713     0.027891    -0.141203
    -0.12944     -0.209828     0.283631  -0.00243367    0.0631797   -0.128004    0.0133235  -0.0559497    -0.123342   0.00690915   -0.0606559    0.0167291    -0.31245    -0.104299    -0.100061      0.11452
  -0.0973388     -0.500237     0.447048    -0.265607    -0.028596    0.037338    -0.104759   -0.121973    -0.111291    0.0239129   0.00671468   -0.0475664    -0.46801    0.0980228   -0.0549956    0.0743018
   0.0643787      0.178334    -0.110621    0.0741854     -0.11359  -0.0271766    -0.117232    0.104816    0.0105461    0.0416605    0.0590765  -0.00847572  -0.0718474      -0.1218   -0.0657144    -0.160287
 -0.00930035    -0.0662878     0.019491   -0.0663751    0.0199532  -0.0211331    -0.133159   0.0804412    0.0266096   -0.0793471    -0.033991    -0.114202   -0.122543    -0.052136   -0.0992783   -0.0328915
   -0.135816    -0.0703345   -0.0408151  -0.00772275    -0.077628   -0.099311   -0.0633923  -0.0384143  -0.00672346    0.0567995  0.000207789  0.000221838  -0.0426115    -0.143577   -0.0825234   -0.0937878
  -0.0935245    0.00961292   -0.0478365    0.0345575   -0.0541619  -0.0974591    -0.130874   0.0686138   -0.0755602   -0.0712943    0.0579053     0.088003   -0.114749    -0.161417  -0.00936431    0.0521587
  -0.0244367      0.325944    -0.180229     0.156389   -0.0344615   0.0115929    -0.178174  -0.0892434    -0.131766    0.0162292    0.0337433   -0.0351675    0.152936    -0.335329    -0.042021    -0.061248
 -0.00947372      0.232086    -0.254319     0.117951    0.0104133   -0.135262    -0.153585   0.0520149    0.0616065   -0.0995728   0.00932597   -0.0408796   0.0416549    -0.114338     0.107225    -0.094266
   0.0100387      0.144901    -0.165088   -0.0413865    0.0153596  -0.0290537    -0.105589    0.039989   -0.0607449   -0.0353788   -0.0557765  -0.00694306   0.0261953    -0.234011    0.0575361    -0.140134
  -0.0765009    -0.0629238     0.135557   -0.0110204    0.0392504  -0.0613452   -0.0815355  -0.0610068    -0.042111   0.00874397   -0.0295427    0.0216671    -0.23359   -0.0323453   -0.0131799    0.0378053
  -0.0134349      0.425105    -0.350825     0.103486    0.0547316  -0.0832576   0.00552709  -0.0642743  -0.00852044    0.0439168    0.0352732   -0.0466034     0.24308    -0.368176     0.179177    -0.212174
  -0.0571913     0.0774365    -0.125534    0.0649782    0.0333533  0.00416311   -0.0868362    0.078969    -0.112876   -0.0155859    0.0485282    0.0798308   0.0644639    -0.199246   -0.0258247   -0.0723644
  -0.0275103     -0.094637    0.0258355   -0.0821732   -0.0355459  -0.0513444    -0.206775    0.031797    -0.073677   0.00963001    0.0581831    0.0777212  -0.0308355   -0.0701265   -0.0549545    -0.045745
  -0.0388602      0.462841    -0.426236     0.185684   -0.0309476   -0.026154   -0.0299469   0.0279361    0.0378859  8.66783E-05      0.05714   -0.0710522    0.238078    -0.368316    0.0691143    -0.145314
  -0.0673579    -0.0978499    0.0823673    -0.038503    -0.105533   -0.055644   -0.0592281   0.0854641   -0.0347618    -0.127404    0.0577643    0.0629487    -0.30836     0.014598   -0.0966855   0.00506482
   -0.097397   -0.00578735    0.0591674    -0.106553     -0.11027  -0.0872866    -0.143122   0.0228355   -0.0132178    -0.123271   -0.0867974  -0.00533397   -0.112334   -0.0420984   -0.0331213   -0.0334703
   -0.057194      0.187243    -0.216139     0.136066   -0.0676258   -0.134137   -0.0864793   0.0763052    -0.110747   0.00326501    0.0418436    0.0341082   0.0705723    -0.117799    0.0142632   -0.0690016
    0.050869     -0.183271     0.208076   -0.0707156   -0.0346953  -0.0861019     -0.13529   -0.099667   -0.0506054   -0.0249224   0.00190126   -0.0204826    -0.17938   -0.0493176    -0.119973   0.00466494
  -0.0353315     -0.224535     0.191258    -0.161052    0.0659614  0.00170967    -0.105769  -0.0530204    0.0532531    0.0127822   -0.0453174    0.0677216   -0.381882    0.0299372   -0.0868918     0.131325
  -0.0179109     -0.296147     0.206722   -0.0749489    0.0832982  -0.0845387  -0.00501509    0.063334    0.0354107   -0.0383123    0.0627278    -0.032192   -0.349677   -0.0708047   -0.0666879    0.0142287
  -0.0910537      0.508247    -0.376878    0.0842985    -0.107151   0.0177641   -0.0328304  -0.0314814   -0.0128349    0.0496798    0.0608482   -0.0624318    0.249112    -0.340125     0.195406      -0.1335
   0.0198864     -0.131079    0.0887013   -0.0489974  -0.00912316   -0.079023    -0.125157  -0.0273961     -0.12848   -0.0980405   -0.0184189    0.0668164  -0.0882497   -0.0890521   -0.0181754  -0.00776375
  -0.0671894    0.00451538  -0.00402165    0.0447796   -0.0160829   -0.102229     -0.16724  -0.0354738   -0.0206505   -0.0246266     0.076832    0.0355654    -0.11955    -0.107696    0.0242609     0.020414
  -0.0575566      0.199489     -0.22139   -0.0164529   -0.0303191  -0.0444935  -0.00100932   0.0916623    -0.106708   -0.0326681     -0.10392   -0.0331755    0.113628    -0.277559   -0.0299426    -0.101023
 -0.00165624  -0.000315359    -0.178087   -0.0856324   -0.0645009  -0.0057974   -0.0567942  -0.0678655    0.0512134       0.0188   -0.0408081    0.0111738  -0.0631949    -0.100905   -0.0119377    -0.162224
0.0746432  0.0456006  0.0291753  0.130755  0.284695  0.246873  0.264067  -0.0402303  0.146283  -0.283358  -0.517578  -0.141445  -0.0198346  -0.298861  0.386286  0.487475  -0.135743  0.518751  -0.200701  0.252256  -0.33  -0.121981  0.310782  0.423479  -0.280487  -0.533661  0.201049  -0.028842  0.0537553  0.0535022  0.404672  0.3077  0.261792  -0.090502  0.589654  0.193421  -0.00754473  0.613719  -0.144372  -0.0250852  0.275824  -0.173964  -0.29204  -0.270619  0.638501  -0.0548331  0.0299008  0.322202  0.12808
