   -0.159691   -0.0626551    -0.119534  -0.00535153    0.0294236   -0.0119678   -0.126832   -0.0409311     -0.056909  -0.00942883    0.0342611    -0.0408027  -0.0436218   -0.0916357     -0.118375     0.0176343
  -0.0938193    0.0393564    0.0127055    0.0680127   -0.0271564   -0.0745543   -0.152859    -0.019102     -0.109147    0.0617029      0.03212     0.0301574   -0.152348   -0.0847959     -0.124024    -0.0618286
  -0.0504468     0.151186    -0.029956   -0.0143312    -0.101535   -0.0340334   -0.187644    0.0215757     0.0445762   -0.0758822    -0.098231    -0.0107214   -0.062139    -0.111035    -0.0284404    -0.0741403
   -0.116018     0.236461    -0.117364    0.0493111  -0.00408697    0.0360976   -0.170062   -0.0653792     0.0287282    -0.118401    0.0318887     0.0065146   0.0268931    -0.225752     0.0573684     -0.184319
  -0.0646871     0.155305   -0.0551247      0.14352    -0.117132   -0.0680844  -0.0973085   -0.0111547    -0.0103332    -0.112588    0.0579131     0.0561882    0.144492    -0.208208    -0.0555322     -0.184089
  -0.0721646     0.145986    -0.162783    0.0876989     0.039964    0.0250099  -0.0434784   -0.0539963    -0.0486612   -0.0332376   -0.0682932     0.0730815   0.0473524    -0.294881    -0.0282622     -0.123824
  -0.0739311    -0.179856    0.0322302   0.00754394    0.0783536    -0.122769   -0.129342   -0.0814607     -0.136476  -0.00968644   -0.0801415    -0.0607339   -0.116284   -0.0442712    -0.0598628    -0.0321593
   0.0328641    0.0247278   -0.0823404   -0.0784288   -0.0236732   -0.0758895   -0.167817    0.0580896  -0.000305439    0.0218386   -0.0943231    -0.0348598   0.0231856    -0.251672    -0.0156773    -0.0927662
   0.0201725    -0.339747     0.231967    -0.070367    -0.023483    -0.152081   -0.141784   0.00409734      0.029515   -0.0671161    0.0488822     0.0930008   -0.313603    0.0209057    -0.0463435     0.0806507
  -0.0829746    -0.487415     0.441106    -0.214674    0.0812238   -0.0359294  -0.0769024    -0.131492    -0.0514791   -0.0100482   -0.0202308     0.0624299   -0.475734    0.0852577     -0.109316      0.242223
   -0.109614    -0.142899     0.142387    0.0169942   -0.0193698    -0.122969  -0.0640039   -0.0294537    0.00226784   -0.0891354   -0.0110251      0.064173   -0.230725   -0.0987508    -0.0773418     0.0861772
   0.0226328    -0.110352    0.0299426    0.0405823     0.060874   -0.0624214    -0.15572     0.043937      -0.12124  -0.00166489    0.0592785     0.0704999   -0.138109   -0.0720769     -0.145909     -0.101231
 -0.00455379    -0.270391     0.236677    -0.132195    0.0269511    -0.158411  -0.0568233   -0.0960218    -0.0850574   -0.0397986     0.109613    -0.0542696    -0.32296  -0.00677964    -0.0128863      0.140522
  0.00293019     0.266269     -0.30403     0.101239    -0.121552   -0.0155806  -0.0991368   -0.0722754    -0.0642785   -0.0659141   -0.0229885    -0.0343033    0.201814    -0.266005  -0.000448435      -0.12543
  -0.0247291      0.43376     -0.27787     0.100435    -0.117584   -0.0223806   -0.118907    0.0921472     0.0191123   -0.0594668    -0.101187   -0.00773744    0.315977    -0.135172      0.162347     -0.235486
   0.0137605    -0.109628     0.152081   -0.0477995   -0.0345781   -0.0585719  -0.0277626   -0.0476552     -0.081392   -0.0288647     0.073082     0.0177998   -0.316452   -0.0297314    -0.0636523  -0.000862649
   0.0395554     0.466963    -0.267142    0.0243386   -0.0092171    0.0394423   -0.147595    0.0482025   -0.00632413   -0.0166776   -0.0373226    -0.0160395    0.173866    -0.370977     0.0897677     -0.165317
  0.00567832     -0.18249     0.226591    -0.154199   -0.0925277     -0.10427   -0.100073    -0.106135     0.0269056     0.025046   -0.0727689    -0.0578339   -0.261867   -0.0429945    -0.0597119    -0.0425795
  -0.0566415     0.116826    -0.209951   0.00819235    -0.102302    0.0276629   -0.134584    -0.085533     0.0388136    -0.106777   -0.0367759     0.0409502    0.102133    -0.223431    -0.0339673     -0.186561
   -0.080072    -0.385309     0.263816    -0.180893    0.0553278   -0.0278878  -0.0641726    -0.107229     0.0356618   -0.0810344   -0.0479806    0.00154656   -0.348038  7.37282E-05    -0.0129104     0.0822326
 -0.00869319   -0.0983276     0.164204   -0.0573326   -0.0240117    -0.040995  -0.0663789   -0.0757936    -0.0909895     -0.11379    0.0614316    -0.0631381   -0.252261    -0.102518    0.00534647    -0.0917356
   -0.109682     0.206407     -0.17317   -0.0061549    0.0107414   -0.0553598   -0.179194   -0.0651676    -0.0394179    0.0364196   -0.0683693   -0.00551595    0.102035    -0.303668       0.01985     -0.117957
   0.0356915     0.385346    -0.331677    0.0634667   -0.0103783   -0.0632059   -0.227128   -0.0636734    -0.0231295   -0.0266516    -0.025192     0.0462802    0.149208    -0.223662     0.0264353     -0.167086
   -0.116128    -0.241011     0.288796  -0.00814852    0.0672618    -0.142643   0.0320333   -0.0601987     -0.121744    0.0172808   -0.0515519     0.0309575   -0.302841   -0.0807006     -0.106035      0.130904
  -0.0752413    -0.556058     0.452126    -0.290594   -0.0192173  -0.00331803  -0.0810748      -0.1342     -0.107373    0.0444133    0.0240934    -0.0195175   -0.483582    0.0982334    -0.0611924      0.113223
   0.0562312     0.190334    -0.111656    0.0775735    -0.117423    -0.021985   -0.127023     0.108497     0.0112857     0.038168    0.0547432    -0.0160927  -0.0653466    -0.120698    -0.0712639     -0.173473
  -0.0115801   -0.0798606    0.0190038   -0.0719352    0.0195753     -0.03661   -0.134872    0.0781706     0.0242672   -0.0795551   -0.0317152     -0.111633   -0.143073   -0.0680784     -0.106597    -0.0317117
   -0.139942   -0.0743959   -0.0416041  -0.00928066   -0.0790638    -0.107129  -0.0680556   -0.0384925   -0.00805026    0.0559649  0.000220844  -0.000904607  -0.0523778    -0.152408    -0.0892718    -0.0981997
  -0.0971413   0.00559102   -0.0485974    0.0331523   -0.0554802    -0.104256   -0.135204    0.0684937    -0.0769846   -0.0724014    0.0581109     0.0868666   -0.123654    -0.169119    -0.0158455     0.0477356
  -0.0364658     0.363106    -0.184371     0.161471    -0.040915    0.0266877   -0.197956   -0.0844983     -0.126563    0.0129484    0.0244443    -0.0500982    0.168425    -0.338363    -0.0414324    -0.0834397
  -0.0208335     0.256032    -0.254885     0.125224   0.00370323    -0.117264   -0.166487    0.0592169     0.0645243    -0.102919   0.00176968    -0.0535283   0.0651744   -0.0995181      0.101689     -0.115614
-0.000405263     0.162728    -0.168627   -0.0384134    0.0109059   -0.0250158   -0.121076    0.0427089    -0.0599018   -0.0392727   -0.0609007    -0.0165769   0.0234552    -0.246611      0.053705     -0.155471
  -0.0752794   -0.0842491     0.136362   -0.0169279    0.0396435   -0.0791431   -0.077827   -0.0640437    -0.0441264    0.0113882   -0.0250326     0.0275057   -0.249338   -0.0395785    -0.0221633     0.0424367
  -0.0353057     0.483108    -0.353618     0.115678    0.0398872   -0.0423307  -0.0257695   -0.0509369   -0.00454495    0.0362734    0.0195436     -0.071959    0.283856    -0.349701      0.177849     -0.251996
  -0.0662817    0.0869469    -0.126655    0.0678034    0.0284516   0.00724419  -0.0959564    0.0829429     -0.113078   -0.0183359    0.0445267     0.0717958   0.0697995    -0.196748    -0.0331469    -0.0874798
  -0.0307124    -0.107149     0.024985   -0.0873448   -0.0364206   -0.0665523   -0.209585    0.0297967    -0.0758166   0.00913153    0.0599882     0.0795527   -0.052131   -0.0872627     -0.062563    -0.0458509
  -0.0555246     0.524455    -0.424414     0.204011    -0.044624    0.0345265  -0.0447192    0.0459479     0.0494792  -0.00245026    0.0399419    -0.0964585    0.326695    -0.297525     0.0702918     -0.186104
  -0.0631477    -0.118932    0.0841215    -0.044649    -0.103365   -0.0727889  -0.0538169    0.0818584    -0.0371448    -0.124137    0.0636287     0.0709911   -0.321553    0.0101759     -0.102785     0.0130311
  -0.0990804   -0.0176996    0.0591063    -0.111242    -0.110261   -0.0999772   -0.144027    0.0210727     -0.015525    -0.123605   -0.0847337   -0.00304051   -0.128615   -0.0537536    -0.0396552    -0.0327789
  -0.0669311     0.207358    -0.214159       0.1461   -0.0739901    -0.111768  -0.0901486    0.0862064     -0.108705   0.00106135     0.034901     0.0218165    0.112249   -0.0800888    0.00681791    -0.0906161
   0.0558531    -0.210606     0.209418   -0.0808544   -0.0319721    -0.107477   -0.126302    -0.104514    -0.0520147   -0.0198473   0.00844109    -0.0104868   -0.198375    -0.058059     -0.126339     0.0167208
    -0.02493    -0.267425     0.195347    -0.174977    0.0700923   -0.0280465  -0.0878794   -0.0593787      0.051999    0.0251429   -0.0349777     0.0837928   -0.392387    0.0350177    -0.0995096        0.1501
 -0.00542684    -0.327906     0.211213   -0.0827157    0.0876239    -0.103812   0.0125976      0.05856     0.0359998   -0.0265701     0.072334    -0.0183455   -0.343293   -0.0518943    -0.0744071     0.0302326
   -0.106739     0.570228    -0.371593     0.111935    -0.119476     0.101185  -0.0290549  -0.00616968    0.00445738    0.0471987    0.0417681    -0.0911087    0.392038    -0.208531       0.19229     -0.181979
   0.0193397    -0.148719     0.088804   -0.0550352  -0.00899999   -0.0962807   -0.124927   -0.0301985     -0.130406   -0.0975007   -0.0148953     0.0711915   -0.108072    -0.102439    -0.0263535   -0.00463434
  -0.0704004  -0.00299515  -0.00450455    0.0426091   -0.0172764    -0.111239    -0.17007   -0.0359684    -0.0225484   -0.0254335     0.077731     0.0355019   -0.130588    -0.115781     0.0170127     0.0172401
  -0.0695376     0.224552    -0.223999   -0.0100083   -0.0367924   -0.0317427  -0.0169222    0.0975099     -0.106413   -0.0367267    -0.110578     -0.045919    0.125068    -0.276413    -0.0332222      -0.12168
 -0.00933125   0.00119428    -0.179296   -0.0851917   -0.0676855   -0.0103516  -0.0656622   -0.0662025     0.0499496     0.016026   -0.0427281    0.00660533  -0.0702104    -0.108909    -0.0203519     -0.172368
0.0623966  -0.00864197  -0.0246105  0.0966912  0.25979  0.211794  0.216095  -0.106835  0.094518  -0.37132  -0.611539  -0.212835  -0.083873  -0.386534  0.351859  0.493841  -0.211671  0.50741  -0.269033  0.215391  -0.410291  -0.183582  0.276281  0.398592  -0.361616  -0.62321  0.163175  -0.0816409  -0.00928119  -0.00814988  0.385979  0.274678  0.221192  -0.161971  0.560653  0.1461  -0.0687384  0.600012  -0.215347  -0.077253  0.240897  -0.250234  -0.375309  -0.354452  0.643526  -0.129265  -0.0323423  0.28388  0.0710344
