  -0.164227   -0.0673335    -0.116038  -0.00686397    0.0281324   -0.0167369    -0.135735   -0.0428603   -0.0556165   -0.0172487    0.0314858   -0.0424134  -0.0521797  -0.0993961    -0.129565    0.0138219
 -0.0967218    0.0359839    0.0159993    0.0679552   -0.0276605    -0.077797    -0.159061   -0.0203597    -0.109567    0.0560876    0.0303686    0.0291557   -0.158851  -0.0900343    -0.131676   -0.0640783
 -0.0551438     0.155849   -0.0361785   -0.0172626    -0.103784   -0.0454264    -0.190986    0.0241238    0.0413875   -0.0721409    -0.100029   -0.0105584   -0.078216   -0.124779   -0.0227825   -0.0817018
   -0.12157     0.255191      -0.1347    0.0390067  -0.00689768    0.0151473     -0.16182   -0.0579963    0.0253462   -0.0985567    0.0300045   0.00887421  0.00314783   -0.246173    0.0848542    -0.196224
 -0.0740022     0.168617   -0.0684881      0.13491    -0.123191   -0.0959376    -0.108228  -0.00466746   -0.0227156    -0.104458    0.0559263    0.0564543    0.105043   -0.244054   -0.0398149    -0.198649
  -0.078084     0.161448    -0.178381    0.0772251    0.0371369    0.0019905   -0.0391702   -0.0474846   -0.0528382   -0.0182751   -0.0706382    0.0754287    0.021548   -0.316324  -0.00524256    -0.136227
 -0.0764357    -0.189225    0.0442618   0.00833685    0.0782454     -0.11903    -0.137707   -0.0863998    -0.131734   -0.0225338   -0.0822082   -0.0635455   -0.114566  -0.0433851   -0.0808712   -0.0309348
  0.0291722    0.0295644   -0.0879537   -0.0802232   -0.0249413   -0.0852322    -0.167945    0.0605599  -0.00212769    0.0266421   -0.0957962    -0.034255   0.0100582   -0.261573  -0.00881939   -0.0995843
  0.0221888     -0.36107     0.275597    -0.060256   -0.0200517    -0.129784     -0.15101  -0.00639095    0.0412611   -0.0931888    0.0469438    0.0846158   -0.279093   0.0544345      -0.1034    0.0895269
 -0.0782826    -0.524827     0.523073    -0.202634    0.0873648    0.0124598   -0.0804736    -0.151833   -0.0192056   -0.0496207   -0.0246604    0.0495087   -0.403689    0.150273    -0.216018      0.26193
  -0.109108    -0.156273     0.165564    0.0260507   -0.0188234     -0.11208   -0.0733449   -0.0346124   0.00471451    -0.104024   -0.0122194    0.0590926    -0.21749  -0.0828345    -0.108742    0.0886476
  0.0202948    -0.118237    0.0393535    0.0419314     0.060609   -0.0606055    -0.163394    0.0397777    -0.118921   -0.0130684    0.0575128    0.0685209   -0.140673  -0.0741648    -0.161493   -0.0999948
-0.00452955    -0.294083     0.282414    -0.120455    0.0269728    -0.142866    -0.077432    -0.105498   -0.0814552   -0.0672261     0.106647   -0.0644266   -0.299457   0.0182315   -0.0775372     0.143793
-0.00630696     0.294977    -0.325692    0.0877683    -0.128452   -0.0534171   -0.0937931    -0.060691    -0.077468   -0.0395127   -0.0240999   -0.0309902    0.149304   -0.307997    0.0417159    -0.144155
 -0.0405562     0.476457    -0.310895     0.087196    -0.135157   -0.0803655    -0.123655     0.118151   -0.0263696   -0.0189031    -0.100168  -0.00772813    0.238434   -0.196046      0.22682    -0.263405
  0.0116698    -0.124437     0.176877   -0.0404934   -0.0332761   -0.0527832   -0.0427018    -0.053887   -0.0803648   -0.0481123    0.0702974    0.0127716   -0.310157  -0.0217962     -0.10075   3.6348E-06
  0.0370604      0.51505    -0.301221   0.00552714   -0.0125848   0.00835463   -0.0972989    0.0694012  -0.00780267    0.0444607   -0.0376911  -0.00891271    0.153517   -0.376546     0.163707    -0.188323
 0.00551945    -0.199725     0.257382    -0.152194   -0.0880995   -0.0913484    -0.107208    -0.114534    0.0367623   0.00375607   -0.0756201    -0.063141   -0.236986   -0.018998    -0.102195   -0.0361524
 -0.0645869     0.130154    -0.222128   0.00269853    -0.107278   0.00209441    -0.140735    -0.080353    0.0288039   -0.0969814    -0.037828    0.0415644     0.06084   -0.258701   -0.0146734    -0.198796
 -0.0786176    -0.413781     0.317216    -0.174344    0.0607993   0.00641268   -0.0665467     -0.12128    0.0625636    -0.108607   -0.0531574  -0.00790292   -0.284095   0.0590285   -0.0902105    0.0917921
-0.00922482    -0.109613     0.182544   -0.0504227   -0.0240186   -0.0366066   -0.0777921   -0.0800505   -0.0930347     -0.12789    0.0602978    -0.066883    -0.24908  -0.0966783   -0.0206686   -0.0907839
  -0.112789     0.226474    -0.189283   -0.0117936    0.0100895    -0.071589    -0.162973   -0.0571642   -0.0405337    0.0594746   -0.0693233  -0.00208147   0.0854859   -0.314299    0.0508986    -0.129007
  0.0309838     0.419017    -0.354425    0.0520258   -0.0135836   -0.0911661    -0.203656   -0.0491257    -0.031385    0.0119529   -0.0253348    0.0505948    0.117188   -0.245802     0.076681    -0.183138
  -0.115496    -0.263429     0.334313   0.00701774    0.0681838    -0.122276    0.0171704   -0.0699798    -0.115043  -0.00779723   -0.0535223     0.021432   -0.279202  -0.0530691    -0.163932      0.13695
 -0.0723108    -0.589383     0.531225    -0.284277   -0.0083974    0.0368563   -0.0919097    -0.154435   -0.0818265  0.000973685    0.0197707   -0.0321741   -0.420592     0.14931    -0.164432      0.13432
    0.05123     0.201992    -0.124353    0.0706323    -0.121711   -0.0384732      -0.1258     0.115706   0.00598082    0.0515242    0.0525349   -0.0152079  -0.0825721    -0.13494   -0.0558463    -0.185393
 -0.0137181   -0.0884561    0.0288131   -0.0718582     0.019579   -0.0336851    -0.140592    0.0740008    0.0292173   -0.0900591   -0.0341307    -0.113676   -0.138574  -0.0638941    -0.124832   -0.0312277
  -0.143538   -0.0771857   -0.0393638   -0.0105868   -0.0795494    -0.111341   -0.0746925   -0.0392993  -0.00769341    0.0506851  -0.00202855  -0.00195931  -0.0585138   -0.157854   -0.0970974    -0.101685
  -0.100162   0.00380132   -0.0473139    0.0329266   -0.0562586    -0.108411    -0.140443    0.0681458   -0.0780078   -0.0750209    0.0562244    0.0859641   -0.129736   -0.173691    -0.021633    0.0435114
  -0.044218      0.39481    -0.207957     0.143287   -0.0449456  -0.00433071    -0.182632    -0.072595      -0.1279    0.0445373    0.0215739   -0.0469905    0.142229   -0.358509  -0.00301223     -0.10636
 -0.0276723     0.278499    -0.274982     0.112988  -0.00161845    -0.145873    -0.160294    0.0710858    0.0504402   -0.0791277  0.000307867   -0.0504814   0.0287898   -0.129445     0.136527    -0.129798
-0.00309189     0.179417    -0.183773   -0.0441855    0.0100809   -0.0393786    -0.105513    0.0505427   -0.0609902   -0.0179769   -0.0623758   -0.0132609   0.0112798   -0.253593    0.0811432     -0.16506
 -0.0782833   -0.0973712     0.155978   -0.0120652    0.0400388   -0.0750147   -0.0899976   -0.0693784   -0.0408892  -0.00458073   -0.0282561    0.0233379   -0.243703  -0.0328262   -0.0545824    0.0416387
 -0.0403348     0.538378    -0.398937    0.0891351    0.0284048    -0.081895    0.0248562   -0.0182301   -0.0232604     0.110894    0.0185556   -0.0650293    0.260452   -0.356691     0.265942    -0.280906
 -0.0734567     0.096379    -0.136816    0.0607688    0.0245641   -0.0147122    -0.101749    0.0881272    -0.120206    -0.012161    0.0419104    0.0722373   0.0417872    -0.22044   -0.0215795    -0.099826
 -0.0341188    -0.115038    0.0328579   -0.0887147   -0.0365754   -0.0666913    -0.218467    0.0260091    -0.072648  -0.00198669    0.0573354     0.077394  -0.0545346  -0.0901061   -0.0795591    -0.046646
 -0.0701946     0.580464      -0.4654     0.174386   -0.0603946   -0.0305929   -0.0277174     0.073843    0.0154144    0.0572908    0.0400913   -0.0932971     0.24389   -0.361491     0.153113    -0.219118
 -0.0637637    -0.131907     0.106504   -0.0380708     -0.10141   -0.0650466   -0.0662729    0.0757985   -0.0352717    -0.141997    0.0618866    0.0663591   -0.312781   0.0191915    -0.135319     0.015611
  -0.101164   -0.0243768    0.0669768    -0.111372    -0.109985   -0.0992901    -0.151196    0.0181629   -0.0133115    -0.132478   -0.0866602  -0.00501844   -0.127788  -0.0529083   -0.0549603   -0.0335547
 -0.0760545      0.22659    -0.231584     0.136391   -0.0816507    -0.143743    -0.095563    0.0983215    -0.126897    0.0167278    0.0328547    0.0230672    0.072397   -0.112918     0.033625    -0.107489
  0.0570656    -0.228631      0.23948   -0.0772791   -0.0288809   -0.0903101    -0.130765     -0.11395   -0.0407126   -0.0401815   0.00652596   -0.0155698   -0.176097  -0.0353257    -0.164641    0.0260512
 -0.0260555    -0.296715     0.245417    -0.171347    0.0756611   0.00243674   -0.0926361   -0.0739655    0.0788093  -0.00364722   -0.0415352    0.0750497    -0.33544   0.0869477    -0.175757      0.15823
-0.00613225    -0.351083     0.255872   -0.0724967    0.0899735   -0.0831327   0.00188102    0.0475893    0.0494741   -0.0530286    0.0678856   -0.0271765   -0.305459  -0.0151343    -0.137928    0.0356219
  -0.127061     0.623469    -0.423119    0.0928888    -0.146163    0.0242503   -0.0330985    0.0283926   -0.0544853     0.107242    0.0408123   -0.0911217    0.304613   -0.273131      0.27648    -0.225381
  0.0171359     -0.15947     0.102907   -0.0527998  -0.00937456   -0.0921639    -0.136033   -0.0349243    -0.127828    -0.111021   -0.0171217    0.0676234   -0.105842   -0.099841   -0.0507378  -0.00453278
 -0.0737875  -0.00668319  -0.00087475    0.0430239   -0.0180833    -0.115193    -0.177164   -0.0369893   -0.0234625   -0.0306104    0.0754169    0.0342186   -0.136526   -0.120206   0.00713966    0.0131719
 -0.0748287     0.246997    -0.242371   -0.0173134   -0.0398725   -0.0562113  -0.00667525     0.108035     -0.11441   -0.0133589    -0.111389   -0.0425852   0.0953623   -0.298627   0.00155012    -0.135216
 -0.0148782   0.00419873    -0.184116   -0.0879859   -0.0702916   -0.0238681   -0.0725499   -0.0638466    0.0456654    0.0165372   -0.0451664   0.00660157  -0.0904421   -0.126504   -0.0176177    -0.180095
-0.108009  -0.0447832  -0.0424441  0.0750912  0.246157  0.168565  0.203018  -0.131154  0.0852311  -0.397837  -0.641727  -0.240697  -0.111882  -0.405721  0.32751  0.433873  -0.230108  0.520687  -0.288692  0.182268  -0.426505  -0.207501  0.275618  0.396078  -0.38552  -0.643962  0.156742  -0.114503  -0.0231721  -0.0191922  0.36534  0.265082  0.226532  -0.176797  0.567538  0.123419  -0.0927906  0.564219  -0.237065  -0.101037  0.220349  -0.287318  -0.380805  -0.365464  0.556569  -0.156359  -0.0442335  0.279131  0.0612288
