  -0.082393    0.163617    -0.158537   0.0725315    0.0413827    0.0169951   -0.0709867    0.0146368   0.00626746    0.0594428   -0.0114381   -0.0259114   0.0238592    -0.120874    -0.0272011    -0.155444
   0.079525   0.0687423    -0.209622  -0.0785346   -0.0212435   0.00793116    -0.149406   -0.0555597     0.051094    0.0464116    0.0586904   -0.0403325   0.0203098    -0.118918  -0.000338779    -0.127028
  0.0384485    0.207172    -0.164982    0.107012   -0.0867508    -0.011047   0.00336061    0.0797251   -0.0346437    -0.104563    0.0134004    0.0791093   0.0669838     -0.14769    -0.0265892    -0.140967
 -0.0375914   -0.124065      0.21397    -0.13445    0.0417633     0.021254   -0.0404538  -0.00519347    0.0906472    0.0538189    0.0370002   -0.0710337   -0.291429   -0.0372546     -0.165279   0.00373582
   -0.10506    -0.22186     0.258569  0.00535644    0.0677699     -0.02083   -0.0575377   -0.0852947   -0.0838752   0.00896406  -0.00710294   -0.0542964    -0.27894   -0.0169859    -0.0550818    0.0083686
 -0.0681315  -0.0858718    0.0694482  -0.0535461   -0.0898324   -0.0101119    0.0104301   -0.0533644   -0.0637085  -0.00573865    0.0710403    0.0244464   -0.206488   -0.0510045     -0.069168    0.0490522
 -0.0263063    0.329556    -0.251718   0.0836101   -0.0313298   -0.0624735   -0.0922423      0.11347   -0.0244806   -0.0258355    0.0922711   -0.0298673    0.154782    -0.186003     0.0292749   -0.0107979
  0.0617867   -0.038494    0.0408294  0.00709889    0.0722043   -0.0503979   -0.0225724    0.0058954   -0.0168789    -0.107791   -0.0249965   0.00294549   -0.127755   -0.0543784     -0.117316  -0.00625982
  -0.112046    0.172935   -0.0330691   0.0187914    0.0171081   -0.0193838    -0.090964   0.00915642   -0.0253842   -0.0162391   -0.0751623    0.0860216   0.0205054    -0.172133     0.0830918   -0.0125873
  0.0570429    0.476968    -0.429171    0.177987      -0.0782   -0.0376883   -0.0248354   -0.0352139    -0.165507     0.103209     0.110961   -0.0228711    0.287187    -0.226548       0.20339   -0.0976342
 -0.0256339   -0.292983     0.173673   -0.102723   -0.0468907    -0.196785   -0.0730248    -0.107673  -0.00737589    -0.119784    0.0166874    0.0221615   -0.240006    0.0444436    -0.0822578     0.160822
  -0.118762  -0.0465335    -0.046283   0.0478974  -0.00987644   0.00347206    -0.122115  -0.00949679   0.00442548   -0.0107238   -0.0296873    -0.079358  -0.0874679   -0.0243153    -0.0358348    -0.106541
  0.0230415   0.0320872    -0.039635  -0.0929658   0.00275408    0.0404716   -0.0442707    0.0570717    -0.110212   -0.0950965    0.0646682   -0.0178798   -0.145998    -0.024886    -0.0671808   -0.0311507
 -0.0279381  -0.0349975   -0.0211515  -0.0793121    0.0706551   -0.0530797    0.0323143    0.0912752  -0.00173693     -0.03072    -0.101406   -0.0996094  -0.0301411    -0.168308      -0.06188   -0.0118944
 -0.0717093   -0.194871    0.0587361   -0.122956   -0.0170411   -0.0893566  -0.00487181     0.080691  -0.00921941   -0.0117314   -0.0325414    -0.103611   -0.180497   -0.0532155      -0.13462    0.0541574
-0.00580402    0.144948   -0.0232469    0.003476    0.0485764    -0.085473   -0.0197532   -0.0790166    -0.110815   -0.0322183    0.0275074    0.0466295  -0.0548246    -0.167264     0.0130982    0.0492798
  0.0389611   -0.292293      0.20333  -0.0390753   -0.0837362    -0.163257   -0.0362003   -0.0990417   0.00262409    0.0624499   -0.0221013    0.0907738   -0.390267    0.0570147    -0.0282691    0.0815166
 -0.0125121   0.0638448   -0.0474381   0.0765064   -0.0416788    0.0656094   -0.0215835   -0.0874719   -0.0440904      0.07117   -0.0602893   -0.0567208  -0.0616682    -0.131059     0.0885819    -0.142319
  0.0674639    0.457125    -0.322526    0.153581   -0.0717148    0.0398417    -0.110376  -0.00744655    -0.100656   -0.0543176   -0.0465626   -0.0768263    0.206396    -0.266674      0.191731    -0.174584
-0.00265205   -0.254418     0.125607   0.0390951   -0.0298635     -0.10921   -0.0440211    0.0234731    0.0351513   -0.0732702   -0.0489371    0.0833437   -0.278958  -0.00776184    -0.0582868     0.146156
  0.0667054   0.0369719     0.117245  -0.0557496   -0.0994807   -0.0122863   -0.0619155   0.00843685     -0.11073    0.0348864    0.0137208    0.0759482   -0.141887   -0.0997991    -0.0476452    0.0711182
  0.0700451  -0.0268848     0.125205  0.00443685   0.00619415   -0.0360545    0.0171661   -0.0789004     0.055753   -0.0264946    0.0630186   -0.0418994   -0.227337   -0.0562824    -0.0631452   -0.0576903
 0.00183331   0.0927404   -0.0850078   0.0161192   -0.0247688   -0.0533747  -0.00270132   -0.0102226   -0.0614888    -0.030081    0.0671545    0.0608463  -0.0928106   -0.0379764     0.0779608    -0.128635
-0.00977295    0.410672    -0.339584    0.102896   -0.0749491  -0.00607346    0.0674784   -0.0295764    -0.112792   -0.0448441    0.0568761   -0.0460558    0.216944    -0.262639      0.069155   -0.0689197
  0.0497673    0.216974    -0.166788    0.110923   -0.0350382   -0.0165977     -0.13425   -0.0205808   -0.0889365   -0.0595798   -0.0580939   -0.0350721   0.0705041    -0.114195    -0.0404317    -0.127626
 -0.0445638    0.107023    -0.143027   0.0971721   -0.0740156    -0.032742   -0.0280252   -0.0145838   -0.0661885   -0.0732716   -0.0817696   -0.0672283   0.0221946   -0.0941021     0.0628589    -0.120716
  0.0812227   -0.423266     0.409585  -0.0886051    0.0989613     -0.13916    0.0200392   -0.0810786   -0.0347952    -0.110665    0.0225509    0.0601416   -0.409745    0.0133208      -0.13835     0.248379
  0.0235133  -0.0101728  -0.00319072   0.0826359    0.0102251   -0.0817299    -0.144412   0.00330145   -0.0734465   -0.0664005   -0.0881177    -0.080437  -0.0519513   -0.0283959    -0.0235639   -0.0736672
  0.0532199     0.17933    -0.071638    0.101081    -0.044785   -0.0638106    -0.104153    0.0249607    -0.113978   -0.0391763      0.02783   0.00603404   0.0538625   -0.0802216     0.0242363    -0.125141
  0.0201777    0.146144    -0.171388  -0.0022786   -0.0690716      0.07965   -0.0670222   -0.0377172  0.000748763   -0.0909493    0.0771233   -0.0531785    0.050239    -0.227174     0.0305205   -0.0651388
 -0.0105425   -0.107902    0.0872636   -0.121151   -0.0414484    -0.139335   -0.0694472   -0.0360008   0.00040432    0.0605964   -0.0249766    0.0889058   -0.218734   -0.0234185    -0.0502216     0.125622
 -0.0704661  -0.0158092  -0.00289922  -0.0606282   0.00125093   -0.0994929    -0.114046    0.0423162    0.0365935   -0.0629118   -0.0170283   -0.0467064   0.0128325    -0.147682    -0.0540152     0.060622
  -0.048617   -0.207128     0.390357   -0.124769  -0.00978549    -0.163379   -0.0886905    0.0325944    0.0763873    0.0653268     -0.11652   -0.0482201   -0.343406    0.0477658     -0.162464    0.0908679
    0.05757   -0.202243     0.152872   0.0123467    0.0922655   -0.0541834   0.00785396    -0.031081   -0.0115694    0.0411908     0.071548   -0.0823272   -0.183628   -0.0886193     -0.131639   -0.0760451
  -0.065518  -0.0606242     0.207635   0.0236566    0.0806033    -0.120394   -0.0504592   -0.0598823    0.0527318   -0.0971818   -0.0685713   -0.0168547   -0.201934   -0.0252807     -0.129532     0.125945
 -0.0509839   -0.129495   -0.0177736   -0.118628   -0.0480662    -0.117489    0.0523401    0.0710881    0.0599713    -0.088213    -0.069639    0.0469182   -0.189654   -0.0788717     0.0225329    -0.040339
 -0.0652584   0.0400037    -0.112223  -0.0316619    -0.109502    0.0407139   -0.0854783    0.0120598   -0.0938684   -0.0112636    0.0547423    -0.100896   0.0850868    -0.158166     0.0673038      -0.1207
 -0.0464357   0.0121672   -0.0570373   0.0349369     -0.12258    0.0479363    -0.173761     0.111184    -0.121763   -0.0936964   -0.0123848   0.00131576   0.0485469   -0.0710281    0.00556593    -0.127942
 -0.0297255     0.17449   -0.0885187  -0.0241928   -0.0781303   -0.0650572    0.0115969     0.017878    -0.119274   -0.0105867   -0.0572655    0.0716434   0.0319223   -0.0701643     0.0167718   -0.0402268
  0.0513056   -0.149405     0.182813   -0.163504   -0.0466341   -0.0915821   -0.0825717   -0.0665725    0.0949705    0.0188516    0.0384518    0.0882155   -0.284749    0.0074164     -0.128971     0.128457
  0.0410498    0.340323    -0.232857    0.129752    -0.107653    0.0486441    0.0527298     -0.06323    0.0429523   -0.0467309    0.0927921   -0.0814886   0.0835293     -0.23709      0.186391   -0.0213544
  -0.101283    0.115134   -0.0519225   0.0914126   -0.0820633   -0.0403341   -0.0927116     0.114485    -0.078729   0.00387092   -0.0756983   0.00702751   0.0288478    -0.042188     0.0935039    -0.146886
 -0.0674831    0.230356     -0.23318    0.130741   0.00167708   -0.0628555   -0.0275752     0.125673   -0.0753081   -0.0444106   0.00469281   -0.0551783     0.13196   -0.0986089      0.152732     -0.17063
 -0.0180344   0.0200318     0.107626  -0.0705813  -0.00415432   -0.0491313    -0.102761    0.0744806    0.0576041    -0.101666    0.0656755  -0.00320882   -0.121307   -0.0846324     -0.123199    -0.102576
  -0.101519   -0.246638     0.271178   -0.162473   -0.0090207   -0.0775121    -0.049406    0.0476612    0.0901632   -0.0796979    0.0588058    0.0556109   -0.201611    -0.059317      -0.14302     0.081322
0.000427502   -0.274214      0.13968  -0.0585208    0.0529028   -0.0927807    0.0704294    -0.116138    0.0933889   -0.0863616   -0.0107888  -0.00510646   -0.274774   -0.0609614    -0.0993383     0.019524
 -0.0179639    0.145202    -0.176995  0.00473841    -0.104075   -0.0360956   -0.0562489   -0.0225086  -0.00890514   -0.0770217   -0.0430634   -0.0842582  -0.0348396   -0.0453225     0.0533624    0.0313494
  0.0223923     0.16501   -0.0253361    0.108744   -0.0609158    0.0406924    0.0111962     0.104236   -0.0363999   -0.0617059    0.0767721    -0.024678   0.0210277    -0.198946     0.0107191   -0.0457847
0.0243674  0.211541  0.180016  0.277961  -0.259856  -0.2934  -0.0914728  0.405104  -0.0355209  0.186614  0.630899  -0.320773  0.0325531  0.0301118  0.0293684  -0.163999  0.131381  -0.374877  0.140897  0.579877  -0.265  -0.0351645  -0.08123  0.143654  0.531493  0.255355  0.205263  -0.58704  0.0382898  0.217881  0.265419  -0.175712  0.0321562  -0.458595  -0.145108  -0.194462  -0.075606  0.187324  0.133869  0.200802  -0.284235  0.442213  0.190771  0.352203  -0.0432878  -0.313052  -0.274868  0.184002  0.200284
