 -0.0570537    0.0322281  -0.00408411   0.0484431    0.0800672     0.0421936   0.00970527  -0.00504742     0.0558056    0.0800598   -0.0194173    -0.0192501    0.0388435    0.0581155    -0.0667304   -0.0731371
   0.100992   -0.0383826    -0.088762   -0.097274    0.0118379     0.0321311   -0.0801416    -0.070248     0.0915337    0.0638908    0.0520364    -0.0351236    0.0457439    0.0359079    -0.0316567   -0.0597528
  0.0522271    0.0640866   -0.0264835   0.0783229   -0.0564845    0.00447734    0.0443031    0.0612677    0.00536244   -0.0971473   0.00290141     0.0817802     0.041165   -0.0137854     -0.078129   -0.0706473
 -0.0293058    0.0505833    0.0390899   -0.078857     0.031239     0.0864156   -0.0142308    0.0171379     0.0899215    0.0701031    0.0551804    -0.0717686   -0.0932339   -0.0528223    -0.0906802   -0.0574308
 -0.0978369   -0.0356441    0.0618336    0.070785    0.0581795     0.0478187   -0.0280976   -0.0592713    -0.0925168    0.0232544    0.0124469    -0.0534898   -0.0516618   -0.0190094     0.0278863   -0.0623134
 -0.0413698    0.0115791    0.0085985  -0.0166546    -0.078145     0.0677631    0.0909253   -0.0392591    -0.0461967     0.028635    0.0844304     0.0315547  -0.00784575    0.0570018   -0.00931187    0.0412435
 -0.0180611    0.0686548   -0.0350445   0.0319936    0.0164214     -0.078862   -0.0396885    0.0856726     0.0263484   -0.0273596    0.0702867      -0.02822    0.0608021  -0.00205769    -0.0682794    0.0912968
  0.0904458     0.016877    0.0272774   0.0313701    0.0835615     0.0137653    0.0643867    0.0150271    0.00764545   -0.0724378   -0.0154786     0.0102028    0.0366675    0.0733803    -0.0735099   0.00528683
 -0.0968387    0.0874573    0.0612528   0.0030771    0.0424191   0.000703413   -0.0484988  0.000309139   0.000975476  -0.00311499   -0.0791317     0.0892176    0.0262439   -0.0613347     0.0593911    0.0384525
  0.0696817     0.100222   -0.0990892   0.0893815  -0.00519927    -0.0482852     0.009987   -0.0843261    -0.0847594    0.0857123    0.0767294    -0.0253688     0.122578   0.00104834     0.0492895    0.0628883
 -0.0123209   -0.0657729   -0.0594725  -0.0189992   -0.0512732    -0.0958902   -0.0177135   -0.0698379     -0.016526   -0.0899946    0.0400204     0.0240876    0.0757632    0.0909942     0.0219468    0.0738901
 -0.0941907   -0.0489695  -0.00859464   0.0554542   0.00815816     0.0482523   -0.0500171   -0.0097249      0.032642    0.0175344   -0.0258859    -0.0736682    0.0128545     0.100758    -0.0211352   -0.0764681
  0.0479984    0.0304978  -0.00165803   -0.087103    0.0187819     0.0808756    0.0308105    0.0567626    -0.0857649   -0.0693587    0.0694712     -0.010428   -0.0553588     0.094656    -0.0464772  0.000216595
-0.00747821  -0.00107234   -0.0245496  -0.0652756    0.0834782   -0.00215758     0.085107    0.0952725     0.0177429  -0.00667636   -0.0954922    -0.0956705    0.0804146   -0.0839036    -0.0367029   0.00211081
 -0.0535756   -0.0833085   -0.0371132  -0.0811543   -0.0139561    -0.0247984    0.0628504     0.100207   -0.00165002    0.0168227   -0.0192655    -0.0993695    0.0146174    0.0257964    -0.0740146    0.0234531
 0.00735876     0.088556     0.046269  -0.0071391     0.062905    -0.0757686    0.0214101   -0.0836553    -0.0960024   -0.0197636    0.0259196     0.0512124   -0.0550321   -0.0847448    0.00732926    0.0866909
  0.0446494    -0.064747   -0.0592529   0.0482814   -0.0915021    -0.0729355   0.00925486   -0.0630289    -0.0142716    0.0828513  0.000740357     0.0944846   -0.0935504    0.0706025      0.079138   -0.0180761
  0.0110952   0.00027148     0.043183   0.0693491   -0.0170905      0.100026    0.0446697   -0.0958692    -0.0128096    0.0956025   -0.0616357    -0.0507133   -0.0166551   0.00529297     0.0794702   -0.0885759
  0.0817893    0.0994256   -0.0198454   0.0840685  -0.00271212     0.0543869   -0.0550394   -0.0454236    -0.0194297   -0.0643209   -0.0790792    -0.0789609     0.109877     0.010169     0.0475567   -0.0317403
 0.00407167   -0.0872401   -0.0565703   0.0969285   -0.0358321    -0.0543253  -0.00782843    0.0476446     0.0235101   -0.0634291   -0.0317845     0.0881714   -0.0837532   -0.0167926     0.0241788    0.0835025
  0.0907339    0.0994751    0.0924148  -0.0325699   -0.0873103     0.0454153   0.00252282    0.0152387    -0.0934448    0.0610588    0.0231286     0.0826834  -0.00138939   -0.0126477   -0.00556924    0.0792075
  0.0980126    0.0682367    0.0701657   0.0404348    0.0159088     0.0406157    0.0984948   -0.0655402     0.0760528   0.00909039    0.0762621    -0.0352081   -0.0323503    0.0522002   -0.00451756   -0.0627183
  0.0193266    0.0560258   -0.0244146   0.0111215   -0.0065781     -0.023695    0.0403468   -0.0156984    -0.0388792   -0.0119863    0.0670127     0.0651884    -0.057409     0.055536     0.0765085   -0.0908909
 -0.0106888    0.0825514   -0.0963828   0.0361987   -0.0238919    -0.0265299    0.0951598   -0.0633266    -0.0577568   -0.0593984    0.0258695    -0.0489195    0.0742554   -0.0812335    -0.0650766    0.0440788
  0.0696458    0.0585128  -0.00354909   0.0806848    0.0050735  -0.000979828   -0.0673096   -0.0416145    -0.0405113    -0.046488   -0.0690084     -0.030707    0.0598512     0.059928    -0.0951842   -0.0454537
 -0.0353425    0.0306335   -0.0698678   0.0830778    -0.056839    -0.0144503   -0.0125684   -0.0246988    -0.0439523   -0.0664788   -0.0864131     -0.067218    0.0125301   -0.0223039     0.0361874   -0.0793003
  0.0805519   -0.0871828    0.0186537   0.0434021    0.0814749    -0.0394511    0.0804737   -0.0264029     -0.082762   -0.0950888    0.0597463     0.0646556   -0.0251969   -0.0226466     0.0168701    0.0971001
  0.0458318  0.000379067    0.0199969   0.0920674    0.0265789    -0.0363878   -0.0841305   0.00462832    -0.0491305    -0.040895   -0.0837259    -0.0758476    0.0488918    0.0785295   -0.00660516   -0.0501552
  0.0732166    0.0813213    0.0456165   0.0830438   -0.0142926    -0.0347512   -0.0520331    0.0105444    -0.0746072   -0.0207623    0.0222466    0.00969583    0.0705979    0.0573682   -0.00666307   -0.0616315
  0.0340839   -0.0392041  -0.00997501  -0.0375471   -0.0417496      0.077586  -0.00519725    -0.053935     0.0354572   -0.0844028    0.0639308    -0.0484669    0.0028311   -0.0627072    -0.0251351    0.0140911
 0.00580049    0.0406281   -0.0444201  -0.0724159   -0.0380437    -0.0684789   -0.0249346   -0.0176456    0.00262491    0.0820934  -0.00992953     0.0940093   -0.0187514   0.00611002     0.0217801    0.0878647
 -0.0512185    -0.034023    0.0419185  -0.0615658    0.0142132    -0.0794415   -0.0504074     0.040593     0.0562627   -0.0462252   -0.0149433    -0.0399056    0.0654989   -0.0517736    -0.0426328    0.0917952
 -0.0548396     0.038236    0.0963289   -0.033726   -0.0298561     -0.100249   -0.0707097    0.0747404     0.0550427    0.0786301    -0.098661    -0.0511792   -0.0660991   0.00723524    -0.0654755   -0.0336996
  0.0864905   -0.0780574    0.0655476   0.0609801    0.0933916     0.0361537    0.0993688  -0.00858167    0.00913673    0.0844271    0.0877917    -0.0767643     0.062013    0.0388996    -0.0613442   -0.0991371
 -0.0428183    0.0810634    0.0963421   0.0739325    0.0777716    -0.0507451    0.0220649   -0.0387818     0.0599384   -0.0678844   -0.0532344     -0.010276    0.0143044    0.0451955     -0.053384    0.0948757
 -0.0382942   -0.0573322    -0.075142  -0.0947677   -0.0451592    -0.0823067    0.0901594    0.0791474        0.0632   -0.0765646   -0.0608303     0.0526126   -0.0911018    -0.054428     0.0666195   -0.0516751
 -0.0506952    -0.041988   -0.0274935  -0.0456114   -0.0902182     0.0670951   -0.0526851  0.000260399    -0.0649458  0.000506977    0.0497687    -0.0994315    0.0962174   -0.0579343     0.0400797   -0.0703036
 -0.0203173   -0.0824181    0.0655049   0.0188365    -0.097761     0.0730924   -0.0925725    0.0974148    -0.0808753   -0.0716861   -0.0160012    0.00912561    0.0797903     0.091327    -0.0132186   -0.0607106
-0.00379256    0.0965384    0.0238271  -0.0381156   -0.0472717    -0.0241878     0.082547   0.00518122    -0.0766311    0.0154819   -0.0613182     0.0781235    0.0792432    0.0864823  -0.000360691    0.0236133
  0.0652707    0.0554176   -0.0160196  -0.0949952   -0.0503221   -0.00722687    -0.037961   -0.0398049     0.0927585    0.0422671    0.0593181     0.0912565   -0.0332259    0.0153972     -0.034897    0.0624181
  0.0496305    0.0778629   -0.0106996   0.0806311   -0.0757184     0.0452296     0.091904   -0.0861468     0.0861813   -0.0463894    0.0707258     -0.080953   -0.0194373   -0.0531406     0.0918483    0.0818039
 -0.0779654    0.0279822    0.0624056   0.0756359   -0.0536471   -0.00763377   -0.0303554       0.1003    -0.0380245     0.025881   -0.0795502     0.0123418    0.0574945      0.10214     0.0716071   -0.0829845
 -0.0615983    0.0442842   -0.0739995   0.0878704     0.044627    -0.0633969   -0.0151929    0.0977947     -0.031638   -0.0489713    -0.011034    -0.0571006     0.049315   0.00782246     0.0759853   -0.0912018
-0.00559971    0.0558329    0.0925326  -0.0590544  0.000161479    -0.0261037   -0.0689187    0.0778864     0.0663493    -0.091167    0.0715595  -9.60483E-05   -0.0551567   -0.0482426    -0.0991227    -0.099634
 -0.0969418   -0.0577671    0.0642011  -0.0981559   -0.0225168    -0.0191681   -0.0138828     0.076879     0.0795436   -0.0654227    0.0784755     0.0559001     0.013171   -0.0783135    -0.0571435   0.00513171
 0.00388955   -0.0891215   -0.0700703  0.00441931    0.0385108    -0.0362761    0.0953163   -0.0899703     0.0777144   -0.0765085   0.00899831   -0.00320516   -0.0807776   -0.0998733    -0.0131822   -0.0562537
 0.00210994    0.0466042   -0.0607365   -0.014616   -0.0828652    -0.0202628    0.0077708   -0.0346274     0.0237747    -0.060384   -0.0483314    -0.0781122   -0.0291045    0.0911957     0.0317729    0.0938333
  0.0443618     0.084938    0.0772569   0.0966868     -0.03248     0.0796457    0.0666184    0.0935337  -0.000287433    -0.041053    0.0732154    -0.0203421    0.0562078   -0.0620741    -0.0100541    0.0144147
0.0834494  0.145898  0.105698  0.101809  -0.012697  -0.00611784  0.0970926  0.172492  0.124789  0.08259  0.215712  0.00954125  0.104295  0.134608  0.0482172  0.0854207  0.118379  0.0107588  0.123395  0.199984  0.0222188  0.0794335  0.104593  0.10599  0.171978  0.12726  0.0427123  -0.0331161  0.0798164  0.103374  0.161827  0.0249043  0.120385  -0.0176803  0.104434  0.0894441  0.0676083  0.0403497  0.157947  0.163359  0.00386777  0.179622  0.1397  0.0879948  0.0599055  0.0111193  -0.0160612  0.153171  0.0899444
