 -0.0941199    0.202468    -0.170659    0.0729724     0.0336767  -0.00425378   -0.0820341     0.0286559   0.00384192     0.070684    -0.010929   -0.0416054   0.00622973     -0.150437    -0.0282509    -0.195534
  0.0665583   0.0976356    -0.221707   -0.0760215    -0.0277362   -0.0200786    -0.165045    -0.0471275    0.0471348    0.0527923    0.0581263   -0.0543228  -0.00979204     -0.159054   -0.00534434    -0.162978
  0.0235529    0.261427     -0.18331     0.105295     -0.094307   -0.0354808  -0.00935146     0.0972695    -0.035306   -0.0906861    0.0149802    0.0586405    0.0448783     -0.189868    -0.0272767    -0.194165
 -0.0471128    -0.17934     0.239994    -0.163479     0.0462221  -0.00190324   -0.0676659     -0.021511    0.0951897    0.0307127    0.0212903   -0.0616894    -0.312373    -0.0353595      -0.19469    0.0327859
  -0.113641   -0.280092     0.287231   -0.0206199     0.0725128   -0.0424678   -0.0878831     -0.102638   -0.0811596   -0.0176641   -0.0246199   -0.0408954    -0.302116    -0.0180148    -0.0847694    0.0434263
 -0.0802794   -0.117362    0.0809505   -0.0660647    -0.0887106   -0.0383049   -0.0164352    -0.0618116   -0.0631436   -0.0177565    0.0584428    0.0249687    -0.227771    -0.0600645    -0.0983285    0.0506621
  -0.039595    0.415698    -0.279501    0.0801757    -0.0401659   -0.0776484   -0.0956555      0.137216   -0.0250648   -0.0044677    0.0984433   -0.0542745      0.13733     -0.238741     0.0412022   -0.0775108
  0.0493375  -0.0593775    0.0447883  -0.00191753     0.0724772   -0.0766498   -0.0457795  -1.23823E-05   -0.0163994    -0.116124   -0.0345054  6.12983E-05    -0.146232     -0.066627     -0.142662   -0.0129921
  -0.124801    0.203534   -0.0482516    0.0180695     0.0126481   -0.0437971    -0.104589     0.0168449   -0.0270839  -0.00944038   -0.0766805    0.0709952   0.00157962     -0.207287      0.073776   -0.0514555
  0.0384247    0.615794    -0.473059     0.166253    -0.0925741   -0.0524702   -0.0256952    0.00651382    -0.161986     0.136405     0.126831    -0.061674     0.262361     -0.300712       0.23213    -0.202269
 -0.0319506   -0.361378     0.203681    -0.140604    -0.0395386    -0.208696     -0.09818     -0.131292  0.000270481     -0.14655  -0.00302779    0.0362408    -0.232062     0.0646448      -0.12556     0.203667
  -0.129632  -0.0508881    -0.047849    0.0437148    -0.0113744   -0.0198739    -0.138827    -0.0101634   0.00300167   -0.0144938    -0.035402   -0.0847048    -0.106338    -0.0429274    -0.0517408    -0.119917
 0.00937236   0.0246217    -0.040554   -0.0981203    0.00138006    0.0104958   -0.0673879      0.055459    -0.111248    -0.099592    0.0566117   -0.0246645    -0.169882    -0.0470126    -0.0891534   -0.0483336
 -0.0399212  -0.0409983   -0.0221886   -0.0835185     0.0691564   -0.0777945    0.0124155     0.0900932   -0.0024519    -0.033932    -0.107417    -0.105571   -0.0501403     -0.185813    -0.0802074   -0.0277529
 -0.0798325   -0.234173    0.0738085    -0.142205    -0.0136289    -0.107418   -0.0241448     0.0674537  -0.00621649   -0.0269151   -0.0436286   -0.0988339    -0.187226     -0.048863     -0.162075    0.0699954
 -0.0183777    0.161579   -0.0345494   0.00119336     0.0460276    -0.109221   -0.0374157    -0.0756041    -0.112067   -0.0301248    0.0240635    0.0353585   -0.0760591     -0.198668  -0.000274305    0.0181426
  0.0311918   -0.356643     0.244389   -0.0704001    -0.0805249    -0.181549   -0.0729285     -0.118097    0.0050977    0.0335108   -0.0414793     0.107701    -0.408875     0.0611911    -0.0649677     0.127443
  -0.025775   0.0845103   -0.0580338    0.0748244    -0.0464031    0.0384202   -0.0383724      -0.08032   -0.0459073    0.0759859   -0.0632201   -0.0700458   -0.0814646     -0.159841     0.0768752    -0.176301
   0.058072    0.591611    -0.362395     0.139271     -0.082256    0.0298657   -0.0896885     0.0263694   -0.0986162   -0.0163014   -0.0348845    -0.109342     0.209004      -0.32375      0.221907    -0.259079
 -0.0119053    -0.31322     0.153831    0.0169917    -0.0265573    -0.128523   -0.0777355    0.00621739    0.0382585   -0.0963121   -0.0658555    0.0942136    -0.292199  -0.000502137    -0.0948211     0.176147
  0.0532147   0.0147423     0.123349   -0.0649399    -0.0994309   -0.0434466   -0.0881052    0.00298723    -0.111269     0.025791   0.00370363    0.0731745    -0.169394      -0.11723    -0.0734213    0.0635992
  0.0580354  -0.0527599     0.133906  -0.00636378     0.0064452   -0.0633603  -0.00801412    -0.0855785     0.055751   -0.0365914    0.0518264   -0.0427182    -0.249334    -0.0684409    -0.0883076   -0.0581157
 -0.0118055     0.11224   -0.0959279    0.0152998    -0.0290568   -0.0786267   -0.0202801   -0.00314361   -0.0623435   -0.0257295    0.0640889    0.0472144    -0.111069    -0.0648231     0.0650884     -0.16334
 -0.0288038     0.52663    -0.380903    0.0905777    -0.0852478   -0.0337172    0.0523559   -0.00314675    -0.112936   -0.0272822    0.0673491   -0.0759598     0.162127     -0.367963     0.0890586    -0.155785
  0.0376481    0.265169    -0.180415     0.108453    -0.0425467   -0.0381561    -0.144603   -0.00626118   -0.0910794   -0.0464855    -0.057119   -0.0521059    0.0470271     -0.154896    -0.0396783    -0.171469
 -0.0578527    0.140659    -0.155541    0.0956859    -0.0800154   -0.0562291   -0.0424803   -0.00319376   -0.0677035   -0.0647703   -0.0826001   -0.0822965   0.00114941     -0.127318     0.0564481    -0.161106
  0.0748882   -0.532482     0.471886    -0.151534      0.109387    -0.141555   -0.0284227     -0.117217   -0.0164521    -0.154996  -0.00521565    0.0874742    -0.401366     0.0555045     -0.196416     0.328025
  0.0125605  -0.0141203  -0.00489924    0.0784289    0.00892694    -0.104256    -0.160928    0.00263343   -0.0746369   -0.0699588   -0.0936186   -0.0856871   -0.0707223     -0.047129    -0.0398685   -0.0877707
  0.0399786    0.217583   -0.0839584     0.101786     -0.051549   -0.0836081    -0.115336     0.0395995    -0.114758   -0.0270126    0.0273133   -0.0110976    0.0421566     -0.103758      0.018612    -0.169509
 0.00639725    0.196918    -0.193554  -0.00173276    -0.0751983    0.0489628   -0.0779007    -0.0269583  -0.00294116   -0.0796931    0.0792853   -0.0713187    0.0212084     -0.281228     0.0291927    -0.114383
 -0.0203488   -0.153437     0.107966    -0.140574    -0.0388431    -0.162124   -0.0947262    -0.0485737    0.0029194    0.0450772   -0.0378065    0.0944316    -0.233081    -0.0192539     -0.081723     0.141847
 -0.0814134  -0.0217722   -0.0035878   -0.0644567  -7.91766E-05     -0.12214     -0.13193     0.0409645     0.035592   -0.0660231   -0.0226207   -0.0519658   -0.0066156     -0.164665     -0.071223    0.0462244
  -0.053244   -0.278358     0.431875    -0.174932   -0.00279665    -0.178248    -0.113717    0.00696474    0.0826697    0.0282779    -0.130034   -0.0271549    -0.364737     0.0511713     -0.187101     0.154242
  0.0478115   -0.237418     0.165015  -0.00301212     0.0947487   -0.0767055   -0.0132876    -0.0424872   -0.0099534    0.0269893    0.0590993    -0.078628    -0.196394    -0.0919153     -0.157959   -0.0645177
 -0.0744127   -0.108591     0.226142   0.00439791     0.0838972    -0.140308   -0.0739831    -0.0738566    0.0561869    -0.113883   -0.0808126   -0.0106175    -0.214906    -0.0200823     -0.158435     0.145345
 -0.0606043   -0.152304  -0.00805184     -0.12779    -0.0480407    -0.137524    0.0300167     0.0651998    0.0603632   -0.0958696   -0.0780892    0.0459578    -0.204058    -0.0835275  -0.000386796   -0.0404759
  -0.079048   0.0699232    -0.124275   -0.0299652     -0.115625    0.0132086    -0.101295     0.0217821   -0.0970282  -0.00396298    0.0537212    -0.115498     0.058532     -0.194859     0.0605303    -0.159306
 -0.0597098   0.0276493   -0.0631681    0.0345423     -0.127103    0.0208137    -0.188852      0.117606    -0.123881   -0.0893216   -0.0158137   -0.0106364    0.0276579    -0.0961406   -0.00717278     -0.15807
 -0.0464051    0.204913    -0.101916   -0.0224642    -0.0843411   -0.0933076   -0.0100357     0.0293708    -0.120814  -0.00470888   -0.0597406    0.0548122   0.00547772     -0.107232    0.00503694   -0.0851581
  0.0415151   -0.215776     0.214913    -0.197689    -0.0414881    -0.113799    -0.112739    -0.0857292     0.101362  -0.00562281    0.0200446    0.0992617    -0.297141     0.0203884     -0.168233     0.162301
  0.0225514    0.434153    -0.275241     0.124736     -0.117592    0.0158998    0.0435356    -0.0374463    0.0427505   -0.0255215     0.101584     -0.11108    0.0591927     -0.304017      0.194179     -0.10719
  -0.113586    0.145711   -0.0610981    0.0943205    -0.0889117    -0.057864    -0.100766      0.129583   -0.0793191    0.0162945   -0.0773221  -0.00905471    0.0285853    -0.0495423      0.085737    -0.187314
 -0.0808418    0.301149    -0.252162     0.135266   -0.00993505   -0.0746356   -0.0272983      0.155827   -0.0746614   -0.0190617     0.009034   -0.0793042     0.140715      -0.10947      0.158944    -0.234578
 -0.0264887  0.00472175     0.111489   -0.0772234    -0.0041618   -0.0677568    -0.118671     0.0706005    0.0574178    -0.107961    0.0594087  -0.00473282    -0.137511    -0.0949527     -0.138955    -0.105044
  -0.109163   -0.315346     0.302355    -0.201476   -0.00259056   -0.0936059   -0.0770967     0.0252353    0.0987444    -0.105693    0.0402807    0.0678947    -0.206559    -0.0416945     -0.181216     0.120441
-0.00720167   -0.330479     0.169206   -0.0840869      0.056547    -0.106652    0.0445241     -0.132949     0.099982    -0.104014   -0.0278144   0.00359637    -0.272161    -0.0377014     -0.135872    0.0481348
 -0.0331916    0.171815    -0.190175   0.00452224     -0.109426   -0.0658424   -0.0753816    -0.0143735   -0.0115931   -0.0717027   -0.0453869   -0.0989197   -0.0626675    -0.0844153     0.0418694  -0.00867204
 0.00741334     0.20074   -0.0413878     0.107562    -0.0662266    0.0126716  -0.00410744      0.115613     -0.03772   -0.0521683     0.075498    -0.041862   0.00171305     -0.233151    0.00136214   -0.0920336
0.013932  0.218915  0.172083  0.273746  -0.275064  -0.316471  -0.116526  0.416806  -0.0620031  0.18324  0.647349  -0.363027  0.0210375  0.0148055  0.0142754  -0.188017  0.121571  -0.410309  0.14617  0.627854  -0.304416  -0.0547938  -0.0900112  0.142027  0.55122  0.254413  0.197527  -0.627324  0.0217715  0.216312  0.265703  -0.209892  0.00269484  -0.489194  -0.158594  -0.226148  -0.0932741  0.181971  0.117362  0.18236  -0.322249  0.454547  0.198582  0.359252  -0.0511888  -0.348731  -0.299737  0.167557  0.206147
