 -0.0871479    0.191157    -0.161414    0.0738392     0.04347    0.0102797   -0.0696461    0.0179196    0.0170723    0.0672483   -0.0073532    -0.0358027   0.0188197    -0.13387     -0.035241    -0.185946
  0.0727904   0.0898465    -0.213947   -0.0769388  -0.0201952  -0.00579725    -0.154877   -0.0539046    0.0579519    0.0517812    0.0606216    -0.0498955  0.00685701   -0.138922    -0.0103076    -0.155875
  0.0313908    0.246474    -0.170467     0.107821  -0.0833143   -0.0194914   0.00416177    0.0840023   -0.0198995   -0.0949413    0.0188193     0.0659023   0.0595615   -0.168323    -0.0383724    -0.184327
 -0.0458913   -0.164872     0.223149    -0.154386   0.0331759  0.000243529   -0.0675978  -0.00935751    0.0789198    0.0346807    0.0246262    -0.0673622   -0.318634  -0.0473526     -0.168617    0.0332781
  -0.111786   -0.265216     0.268134    -0.013971   0.0584177   -0.0396191   -0.0847391   -0.0898159   -0.0966477   -0.0124655   -0.0208968    -0.0478823   -0.307168  -0.0290948    -0.0551088    0.0451422
 -0.0762255   -0.108538    0.0735186    -0.062654  -0.0941064   -0.0288218  -0.00924467   -0.0553171   -0.0691421   -0.0148429    0.0616688     0.0233752   -0.224242  -0.0586847    -0.0794077    0.0554758
 -0.0345978     0.39074    -0.263705    0.0822321  -0.0263806   -0.0721949    -0.092012     0.118141  -0.00572603   -0.0116178     0.101021    -0.0468074    0.143933   -0.223387     0.0154963    -0.071213
  0.0539052  -0.0524357    0.0418513  0.000782032   0.0695919   -0.0652236   -0.0383722   0.00487137   -0.0193624    -0.113557   -0.0320244  -0.000374734   -0.138059  -0.0586682     -0.128797  -0.00879246
  -0.119095    0.195637   -0.0388928    0.0186286   0.0199202   -0.0304861   -0.0954379    0.0110145   -0.0172273   -0.0103211   -0.0742982     0.0757624   0.0159155   -0.186331     0.0692717   -0.0453254
  0.0415537    0.575074    -0.450556     0.169904  -0.0727205    -0.057378    -0.031452   -0.0271894    -0.135212     0.119476     0.129307    -0.0499378    0.253131   -0.301059      0.182896    -0.197163
 -0.0303436    -0.34338     0.181205     -0.12885  -0.0560307    -0.207296   -0.0942472    -0.113409   -0.0201286    -0.142065   0.00176194     0.0294878   -0.243662   0.0482514    -0.0864326     0.207114
  -0.125015  -0.0492352    -0.046595    0.0452788  -0.0106497  -0.00843713    -0.131282  -0.00950668   0.00486003   -0.0128993   -0.0333265    -0.0835439  -0.0960164  -0.0309705    -0.0455012    -0.115711
  0.0149325   0.0273734   -0.0397649   -0.0963404   0.0016106    0.0246404   -0.0577647    0.0569494    -0.109804   -0.0977632    0.0594365    -0.0233406   -0.157969   -0.033276    -0.0799465   -0.0429133
 -0.0349439  -0.0383237   -0.0212914   -0.0819576   0.0697334   -0.0654999    0.0210575    0.0913272  -0.00113056   -0.0324619    -0.105283     -0.104416  -0.0391629   -0.174037    -0.0726651   -0.0227864
 -0.0772269   -0.223047    0.0633267    -0.135867  -0.0222318    -0.101114   -0.0201755    0.0776248   -0.0167585   -0.0232777    -0.041103     -0.101724   -0.188117  -0.0519631     -0.140338    0.0723334
 -0.0128716    0.158259   -0.0279694   0.00225045   0.0509093   -0.0959412    -0.027932   -0.0780137    -0.105544   -0.0293601    0.0262774     0.0387022  -0.0607138   -0.178698  -0.000183002    0.0235097
  0.0338154   -0.342303     0.218229   -0.0622098  -0.0959154    -0.180952   -0.0626185    -0.104164   -0.0130016     0.038588   -0.0367192      0.100321   -0.419685    0.044293    -0.0249883     0.133011
 -0.0190386    0.078809   -0.0502889    0.0762305  -0.0400709    0.0549912   -0.0256177   -0.0855644   -0.0367813    0.0753965   -0.0603268    -0.0654517  -0.0655853    -0.13878      0.076034    -0.168878
  0.0603034     0.55134    -0.340188     0.143735  -0.0656883    0.0278106   -0.0961723  -0.00214001   -0.0723593   -0.0293279   -0.0306449    -0.0995256    0.205527   -0.312805      0.177391    -0.255538
-0.00927311   -0.297951     0.134735    0.0217753   -0.039889    -0.125143   -0.0713684    0.0194879     0.022403   -0.0925849    -0.061975     0.0884836    -0.29953  -0.0135916    -0.0615172     0.180845
  0.0582754   0.0214738     0.119764   -0.0620641   -0.102078    -0.030545   -0.0792935    0.0072099    -0.113553    0.0285422   0.00662793     0.0728729   -0.159925   -0.108755    -0.0589197    0.0687787
  0.0619535  -0.0455243     0.128561  -0.00360139  0.00231029     -0.05424  -0.00145846   -0.0805067    0.0511293     -0.03418    0.0546486    -0.0437639   -0.244891  -0.0649062    -0.0726008   -0.0540811
-0.00509616    0.107139   -0.0881948    0.0161573  -0.0229346   -0.0627812  -0.00779199  -0.00815953   -0.0539983    -0.026402    0.0668572     0.0519591  -0.0962035  -0.0449335      0.064793    -0.155824
  -0.021759    0.494413     -0.35806    0.0971796  -0.0669657   -0.0196261    0.0624932   -0.0235125   -0.0863225   -0.0315858    0.0710193    -0.0676533    0.190967   -0.324441      0.052931    -0.151534
  0.0434241    0.251242    -0.171034     0.110463  -0.0338167   -0.0279631    -0.136048   -0.0176501   -0.0782885   -0.0506039    -0.053712    -0.0462963   0.0578764   -0.139424     -0.050095    -0.163202
 -0.0517784    0.131316    -0.146778    0.0973285  -0.0724401   -0.0433156   -0.0322237   -0.0117436    -0.057056   -0.0673062    -0.079822     -0.077178   0.0136037    -0.11044     0.0501736    -0.153698
  0.0753781    -0.50434     0.428498    -0.132347   0.0767975    -0.154787   -0.0269868   -0.0890089   -0.0545785     -0.15077  -0.00157932     0.0749075   -0.434359  0.00739093     -0.135785     0.332248
  0.0170338  -0.0123299  -0.00368988    0.0800159  0.00950318   -0.0932942    -0.153839   0.00336796   -0.0729248   -0.0684151   -0.0917006    -0.0846522  -0.0605627  -0.0354011    -0.0337511   -0.0838028
  0.0462444    0.206515   -0.0749734     0.102403  -0.0433398   -0.0726073    -0.106153    0.0285123    -0.103587   -0.0316849     0.030477   -0.00490387   0.0484509  -0.0932916     0.0117617    -0.160477
  0.0129822    0.183518    -0.180621   -0.0012885  -0.0647816    0.0658711   -0.0670921    -0.035639    0.0122219   -0.0807794    0.0817269    -0.0657407   0.0430107   -0.250596     0.0174032    -0.108669
 -0.0170555   -0.141232    0.0951678    -0.134081  -0.0477998    -0.154805   -0.0876063   -0.0389781  -0.00787609    0.0482714   -0.0345075     0.0910844    -0.23408  -0.0242752    -0.0564159     0.146173
 -0.0770572  -0.0189433   -0.0030996   -0.0629213  0.00022839     -0.11147    -0.124823    0.0422351    0.0365327   -0.0647484   -0.0205983    -0.0510559  0.00287118   -0.154747    -0.0640222    0.0506526
 -0.0532838   -0.261623     0.403256    -0.158868   -0.021134    -0.179546    -0.111679    0.0247779    0.0587916    0.0352946    -0.126811    -0.0366641   -0.374513   0.0342396     -0.150898     0.152246
   0.050272   -0.227438     0.156419  0.000748948    0.087079   -0.0710444   -0.0106171   -0.0339135   -0.0191208    0.0302518     0.061554    -0.0815505    -0.19738  -0.0941645     -0.138998   -0.0628693
 -0.0725125  -0.0947916     0.213108   0.00961584   0.0737142    -0.136015   -0.0719586   -0.0632308    0.0433919     -0.11112   -0.0782732    -0.0147335   -0.218266  -0.0283637     -0.134372     0.147496
 -0.0570997   -0.146038   -0.0139382    -0.124785  -0.0520607     -0.13011    0.0371334    0.0699428    0.0558417   -0.0940128   -0.0759097     0.0453773   -0.201209  -0.0822494     0.0146868   -0.0359833
 -0.0735316   0.0615103    -0.116553   -0.0304183   -0.108911    0.0250939   -0.0931079    0.0140697   -0.0872515  -0.00631533    0.0560456     -0.110877   0.0697964   -0.179722     0.0548229    -0.152751
 -0.0546894   0.0233884   -0.0587363    0.0349666   -0.123368     0.031459     -0.18227     0.112618    -0.117957   -0.0911531   -0.0133935   -0.00704517   0.0343825  -0.0869117   -0.00708629    -0.151795
 -0.0393903    0.196975   -0.0927819   -0.0226666  -0.0769109   -0.0786184   0.00184205    0.0210983    -0.110647  -0.00699005   -0.0566534     0.0603284   0.0179917  -0.0899275    0.00135342   -0.0765609
  0.0433542   -0.198549     0.193937    -0.186627  -0.0561659    -0.111506     -0.10935   -0.0712908    0.0824457  -0.00205855    0.0244194     0.0931374    -0.30668  0.00355474     -0.133975      0.16565
  0.0339946    0.407271    -0.249768     0.130009  -0.0973827    0.0445022    0.0674583    -0.056803     0.069736   -0.0293419      0.10576     -0.100236   0.0934506   -0.253298      0.169407   -0.0960688
   -0.10807    0.136124   -0.0535623    0.0934849  -0.0815737   -0.0489242   -0.0943357     0.118177   -0.0695496    0.0105083   -0.0742125    -0.0030824   0.0269088  -0.0484302     0.0805803    -0.178135
 -0.0749615    0.279632    -0.238938     0.132476  0.00504059   -0.0689806   -0.0237594     0.132177   -0.0570973   -0.0321532    0.0131072    -0.0698352     0.12595   -0.120775      0.140093    -0.222147
 -0.0233267   0.0094717     0.109362   -0.0749153  -0.0059748   -0.0595014    -0.113643    0.0737538    0.0556421    -0.106057    0.0611259   -0.00518404   -0.131031  -0.0885466     -0.129754    -0.102645
  -0.108301   -0.296836     0.280252    -0.188901  -0.0190044   -0.0929711   -0.0768285    0.0423247    0.0776443    -0.101958    0.0447216     0.0610265   -0.216969  -0.0601449     -0.146661     0.122423
-0.00640853   -0.315249      0.14927   -0.0770969   0.0417044    -0.109719    0.0443829     -0.11968    0.0808759    -0.102557   -0.0242352   -0.00142793   -0.289865  -0.0619659     -0.103622    0.0517796
 -0.0269575    0.164835    -0.181846   0.00505814   -0.102872   -0.0515418    -0.065026   -0.0205207  -0.00201466   -0.0727351   -0.0430049    -0.0944182  -0.0476223  -0.0645483     0.0380575  -0.00199614
  0.0151329    0.191147   -0.0303063     0.109609   -0.057414    0.0308217    0.0102844      0.10729   -0.0252687   -0.0540816    0.0787001     -0.035974    0.019175   -0.208488   -0.00364733   -0.0835682
0.032555  0.233764  0.187311  0.287104  -0.253717  -0.306016  -0.108049  0.416691  -0.0386269  0.187543  0.636674  -0.349968  0.034274  0.0244487  0.0283316  -0.176649  0.126628  -0.40845  0.153923  0.613554  -0.298839  -0.0508296  -0.0706395  0.15049  0.545533  0.262286  0.20288  -0.62349  0.0318427  0.222648  0.272041  -0.201197  0.0177947  -0.469636  -0.135936  -0.203132  -0.0891299  0.1823  0.116809  0.18887  -0.302916  0.46152  0.193252  0.356517  -0.0322188  -0.326273  -0.281901  0.170015  0.213975
