  -0.0997283    0.213048    -0.178365    0.0711225     0.0299153   -0.0150684   -0.0817892    0.0448785   0.00154158     0.0738495  -0.00857048   -0.0610958   0.00122649    -0.145669    -0.0272222    -0.222562
   0.0614459    0.105173    -0.227745   -0.0767194    -0.0304856   -0.0328382    -0.166648   -0.0375713    0.0458386     0.0541734    0.0591242   -0.0676201   -0.0218868    -0.165632   -0.00549698    -0.182223
   0.0158573    0.275519    -0.193764     0.101709    -0.0992462   -0.0508651  -0.00906439     0.118204   -0.0368249    -0.0860351    0.0178895    0.0304325    0.0365715    -0.185042    -0.0272431     -0.23181
   -0.042206   -0.191261     0.260433    -0.166926     0.0482702   0.00671445   -0.0710137   -0.0364719    0.0981023     0.0311254    0.0172215   -0.0419972    -0.297037   -0.0218866     -0.201251    0.0604475
    -0.10637   -0.292552     0.310588   -0.0191377     0.0727712   -0.0302683   -0.0925619    -0.117969   -0.0808372    -0.0184268   -0.0265623   -0.0158168    -0.285072  -0.00214703    -0.0871257    0.0780644
  -0.0795855   -0.123941    0.0904054   -0.0667083    -0.0882476   -0.0381416   -0.0230728   -0.0692025   -0.0631267    -0.0192321    0.0555515    0.0343376    -0.224794   -0.0576911     -0.103175    0.0624526
  -0.0509589    0.439011    -0.295014    0.0734079    -0.0463323    -0.105109   -0.0925025     0.167923   -0.0282638    0.00239313     0.103308   -0.0942615     0.116482    -0.241833     0.0432777    -0.132017
   0.0484259  -0.0640011    0.0498815  -0.00279284     0.0722017   -0.0781958   -0.0522429  -0.00534035   -0.0158663     -0.117675   -0.0365703   0.00470767    -0.148442    -0.069204     -0.147129  -0.00737627
   -0.132007    0.211733   -0.0567762    0.0141728     0.0102785   -0.0622092    -0.110517    0.0253776   -0.0280088   -0.00979858   -0.0763805    0.0537101   -0.0184471    -0.223688     0.0705628   -0.0750191
   0.0198607     0.64774    -0.496019     0.171978      -0.10604   -0.0784311   -0.0130996    0.0687169    -0.171985      0.152562     0.137087     -0.13393     0.256659    -0.255188      0.238786    -0.301747
  -0.0206067   -0.377587     0.232005    -0.143157    -0.0347898    -0.189794   -0.0942861    -0.153019   0.00283195     -0.144473  -0.00436747    0.0728819    -0.204987    0.0859835     -0.125096       0.2544
   -0.132256   -0.051194   -0.0478548    0.0426052    -0.0122518   -0.0256112    -0.143739   -0.0101147   0.00268362    -0.0153839   -0.0366307    -0.087104    -0.112358   -0.0480071    -0.0549865    -0.123802
  0.00628354   0.0237873   -0.0401749   -0.0993698   0.000365002   0.00343523   -0.0738035    0.0550275    -0.111442     -0.100921    0.0547797   -0.0271995    -0.177177   -0.0532076    -0.0934658   -0.0525327
  -0.0426749  -0.0415834   -0.0219375   -0.0845744     0.0680851   -0.0834509   0.00659626    0.0898582  -0.00267175    -0.0349834    -0.108601    -0.108097   -0.0566555    -0.190902    -0.0837832   -0.0319181
  -0.0777845   -0.242709     0.086319    -0.145342     -0.012439    -0.104525   -0.0295077    0.0556572   -0.0045878    -0.0275846   -0.0464538   -0.0852558     -0.18284   -0.0466032     -0.167238    0.0880045
  -0.0239742    0.166305   -0.0404807  -0.00186059     0.0448765    -0.122604   -0.0434803   -0.0713135    -0.112302    -0.0314887    0.0236077     0.024157   -0.0920776    -0.213561   -0.00379533   0.00283916
    0.042655   -0.370998     0.277123   -0.0676385    -0.0781315    -0.167553   -0.0714611    -0.135792   0.00432146     0.0368233   -0.0431757     0.142709    -0.377505    0.0922866    -0.0661021     0.173672
  -0.0312246   0.0905361   -0.0646698     0.071558    -0.0487308     0.026723   -0.0420819   -0.0718327   -0.0468625     0.0760353   -0.0629134   -0.0835034   -0.0935643    -0.167453     0.0753096    -0.195016
   0.0436067    0.626063    -0.381091     0.128828     -0.091542  -0.00770901   -0.0713881    0.0749166    -0.101719    0.00102579   -0.0257017    -0.168343     0.188107     -0.30893      0.230244    -0.339607
 -0.00344959   -0.326757     0.177742    0.0205147    -0.0242939    -0.112967   -0.0797069  -0.00991129    0.0390169    -0.0968347   -0.0678286     0.123523    -0.268465     0.020518    -0.0962025     0.214927
   0.0524237   0.0101619     0.128816   -0.0654959    -0.0997041   -0.0456009   -0.0943978  -0.00138801    -0.111725     0.0242458   0.00170428    0.0778599    -0.170955    -0.118116    -0.0773171    0.0690758
   0.0575131  -0.0581651     0.141287  -0.00684881    0.00584963   -0.0651495   -0.0147842   -0.0913398    0.0559407    -0.0375114    0.0491494   -0.0369143    -0.249351   -0.0679478    -0.0936305   -0.0511621
  -0.0173216    0.118439    -0.102943    0.0125615    -0.0309594   -0.0888368   -0.0241462    0.0059447   -0.0628378    -0.0256617    0.0643291     0.032487    -0.121541   -0.0707179     0.0628783    -0.183339
  -0.0423467    0.558276      -0.4021    0.0757543    -0.0875589   -0.0753424    0.0563019    0.0281567    -0.115299    -0.0245548    0.0761205     -0.12223     0.106683    -0.408479     0.0990754    -0.213538
   0.0315188     0.27772    -0.187972     0.104959    -0.0465182    -0.052064    -0.142526    0.0110117   -0.0918726    -0.0414488   -0.0555278   -0.0738711    0.0431365    -0.149079    -0.0404081    -0.202015
  -0.0632001    0.149962    -0.162825    0.0930261    -0.0831395   -0.0657025    -0.041819    0.0110235    -0.068291    -0.0618086   -0.0813125    -0.100961  -0.00293919    -0.123032     0.0559728    -0.186542
   0.0977953   -0.558185     0.522883    -0.153963      0.117674     -0.10128   -0.0186969    -0.149177   -0.0106753     -0.153175   -0.0104879     0.153067    -0.330274     0.112489     -0.198625     0.416624
  0.00992128  -0.0144207  -0.00496972    0.0773155    0.00796536    -0.109756    -0.165867   0.00271501   -0.0750168    -0.0708493   -0.0946257   -0.0881757   -0.0769721   -0.0523001    -0.0429677   -0.0917188
   0.0337439    0.228465   -0.0921437     0.100649    -0.0557104   -0.0918965    -0.114093    0.0581978    -0.115333    -0.0223323    0.0283944   -0.0341593    0.0459012    -0.089019     0.0162963    -0.201885
-0.000888002    0.209778    -0.203973  -0.00623291    -0.0781885    0.0259164   -0.0760031   -0.0143138   -0.0030668    -0.0762438    0.0811807   -0.0923171  -0.00125755    -0.297238     0.0298387    -0.143472
  -0.0153023   -0.164145     0.124868    -0.141225    -0.0376216    -0.153746     -0.09484    -0.060402   0.00383469     0.0464942   -0.0399925      0.11393    -0.217181  -0.00382714    -0.0842989     0.167355
  -0.0834208  -0.0231206   -0.0026876   -0.0651721  -0.000863914    -0.126137    -0.136798    0.0399414    0.0354213    -0.0669859   -0.0236591   -0.0528504   -0.0113911     -0.16846    -0.0742619    0.0444531
  -0.0400208   -0.295208     0.468583    -0.179013   0.000915311    -0.159387    -0.103472   -0.0161933    0.0856462     0.0356615    -0.129431    0.0114235     -0.33517    0.0822754     -0.185215     0.208149
   0.0491375   -0.245244     0.176601   -0.0039788     0.0947301    -0.075608   -0.0191173   -0.0528829  -0.00848215      0.026571    0.0559354   -0.0671298    -0.192845   -0.0896421     -0.163649   -0.0495197
  -0.0683495   -0.120213     0.243711   0.00549858     0.0855279    -0.127053   -0.0730363   -0.0870733    0.0584302     -0.112464   -0.0820011    0.0105143    -0.198222  -0.00410523     -0.159696     0.173983
  -0.0610698   -0.157183   -0.0014397    -0.128965    -0.0484541    -0.139016    0.0236421    0.0599569    0.0604414     -0.096705   -0.0804322    0.0515373    -0.203648   -0.0827953   -0.00530474   -0.0342249
  -0.0841255   0.0782609    -0.130949   -0.0308867     -0.119144   0.00270302    -0.100024    0.0344012   -0.0973356  -0.000552973    0.0545754    -0.131807    0.0532508    -0.192292     0.0598659     -0.18283
  -0.0639656   0.0321445   -0.0664514    0.0336845     -0.130271    0.0131415    -0.189156     0.126251    -0.123609    -0.0860596   -0.0164603   -0.0227383     0.028344    -0.088835    -0.0107727    -0.176068
  -0.0538234    0.213464    -0.110609   -0.0239051    -0.0878793    -0.106298   -0.0170573    0.0426411    -0.122656   -0.00510112   -0.0588625    0.0345843  -0.00729503    -0.112458    0.00234667     -0.11264
   0.0510406   -0.231362     0.241659    -0.200382    -0.0367698   -0.0970784    -0.108416    -0.104426     0.104722   -0.00296894    0.0166507     0.130411    -0.267549      0.04636     -0.171318     0.205169
  0.00819369    0.459232     -0.29851      0.11217     -0.121977   -0.0235863    0.0422768  -0.00977234    0.0389709    -0.0235713     0.107876    -0.154379   0.00453575    -0.344367      0.199969    -0.164055
   -0.119204     0.15547   -0.0682849    0.0959656    -0.0942234   -0.0596102   -0.0973301     0.150519   -0.0795332     0.0226855   -0.0763656   -0.0331633    0.0456048   -0.0183023     0.0828264     -0.22139
  -0.0900858    0.320171    -0.265346     0.143637    -0.0194695   -0.0771441    -0.016369     0.197837   -0.0780325   -0.00655664    0.0135103    -0.125618     0.171264   -0.0461763      0.159381     -0.29909
  -0.0273151  0.00130636     0.114932   -0.0779944   -0.00433274   -0.0691755    -0.123314    0.0670364    0.0574601     -0.109185    0.0579892  -0.00207852    -0.140251   -0.0973433     -0.141929    -0.101508
  -0.0993566   -0.331344     0.329713    -0.206168    0.00290923    -0.074884   -0.0741234   0.00394471     0.103358     -0.104505    0.0369239     0.100963     -0.18038   -0.0210481     -0.183883     0.166662
 7.87096E-05   -0.343908     0.193327   -0.0860581     0.0588041    -0.093739    0.0445989    -0.149944     0.104537     -0.101251    -0.032375    0.0297664    -0.245135   -0.0143387     -0.142871    0.0823481
  -0.0391886    0.179291     -0.19731    0.0019946     -0.112211   -0.0790939   -0.0782707  -0.00439509   -0.0122849    -0.0706554   -0.0450286    -0.114819   -0.0752338   -0.0913574     0.0399449   -0.0308312
   0.0001307    0.210836   -0.0513703     0.103075    -0.0696136  -0.00435592  -0.00659283     0.129133   -0.0387182    -0.0502338    0.0766638   -0.0631357   -0.0138549    -0.241272  -0.000283985    -0.121205
-0.0377701  0.205628  0.152054  0.25395  -0.315136  -0.36591  -0.160797  0.399038  -0.100675  0.148817  0.613985  -0.433154  0.000567865  -0.011587  -0.00844063  -0.220225  0.0875126  -0.472358  0.124315  0.611666  -0.367505  -0.105924  -0.122413  0.122717  0.545442  0.235554  0.182508  -0.724529  -0.00320439  0.198905  0.243819  -0.26738  -0.0329629  -0.545323  -0.192652  -0.282397  -0.118488  0.166804  0.10057  0.152106  -0.389472  0.440563  0.199721  0.380823  -0.0761562  -0.410102  -0.348099  0.144445  0.183301
