  -0.103535      0.219861    -0.186082     0.0717619     0.0246188   -0.0160378    -0.104269     0.0404178  -0.00181015    0.0672806  -0.00605437   -0.0626522  -0.0159827   -0.171693   -0.0223997    -0.223455
  0.0598231      0.109197    -0.231789    -0.0752776    -0.0334636   -0.0309332    -0.178189    -0.0398608    0.0436808    0.0516756    0.0608398   -0.0684992  -0.0295097   -0.177353  -0.00178781    -0.182483
  0.0114926      0.283612    -0.202582      0.101155     -0.104496   -0.0519574   -0.0333423      0.113156   -0.0403204   -0.0921922    0.0204552    0.0279808   0.0184199   -0.213373   -0.0221937    -0.233492
 -0.0347167     -0.195861     0.274286     -0.164507     0.0553898    0.0168466   -0.0388071    -0.0320186     0.108971    0.0410044    0.0150515   -0.0388194   -0.261596   0.0233831    -0.206514    0.0638091
 -0.0987792     -0.296883     0.326911    -0.0115107     0.0795887   -0.0235849   -0.0595863     -0.113728   -0.0706699  -0.00884774   -0.0289692   -0.0115185   -0.252262   0.0421335   -0.0924644    0.0819081
 -0.0769833     -0.126409     0.096578    -0.0647048    -0.0857395   -0.0370476   -0.0104075    -0.0672445   -0.0594123   -0.0162605    0.0544528    0.0359854   -0.213002   -0.041162    -0.106119    0.0634118
 -0.0555733      0.452533    -0.306667     0.0760839    -0.0549973   -0.0988719    -0.125285      0.160035   -0.0316454  -0.00564549     0.108018   -0.0971358   0.0961236   -0.276544    0.0534297    -0.132687
  0.0502754     -0.066064    0.0542115   -0.00183636      0.074472   -0.0770085   -0.0436324   -0.00397036   -0.0132341    -0.115855   -0.0373117   0.00584769   -0.141053  -0.0583084    -0.149032  -0.00639268
  -0.133425      0.214912   -0.0607298     0.0135236     0.0080201   -0.0602634    -0.119136     0.0238159   -0.0297696    -0.011259   -0.0751637    0.0524375  -0.0237349   -0.232685    0.0733283   -0.0756764
 0.00531168      0.666917    -0.520131      0.173367     -0.124963   -0.0862499   -0.0974638     0.0521911     -0.18656     0.125563     0.144715    -0.139008    0.185539   -0.352822     0.253765    -0.303541
 -0.0100949     -0.384065     0.252331     -0.139973    -0.0248454    -0.177886   -0.0515379     -0.147344    0.0179923    -0.133095  -0.00690405    0.0788607   -0.165162    0.139767    -0.131105     0.261237
  -0.132606    -0.0513474   -0.0477113     0.0423894    -0.0123412   -0.0265952    -0.144466     -0.010157   0.00254027   -0.0160324   -0.0367074    -0.087142   -0.114152  -0.0496193   -0.0553435    -0.124045
 0.00614297     0.0234064   -0.0396055    -0.0994854   0.000553437   0.00255123   -0.0734575     0.0551894    -0.111209    -0.101206     0.054568   -0.0271759    -0.17756  -0.0530717   -0.0941984   -0.0528338
 -0.0427033    -0.0419736   -0.0213148    -0.0846617     0.0683731   -0.0838201   0.00707085     0.0900177  -0.00238592   -0.0350568    -0.108724    -0.108052  -0.0565706   -0.190223    -0.084384   -0.0321002
 -0.0725491     -0.245855    0.0949691     -0.144363   -0.00766646   -0.0970138  -0.00830498     0.0589412   0.00225319   -0.0207646   -0.0474777   -0.0829904   -0.158487  -0.0158129    -0.170253    0.0903486
 -0.0249677      0.167597   -0.0425779   -0.00265878     0.0437694    -0.122347   -0.0481092    -0.0720213     -0.11349   -0.0324273    0.0240529    0.0233304  -0.0959097   -0.219178  -0.00277308   0.00225783
  0.0544605     -0.376038       0.2994    -0.0571304    -0.0693558    -0.152638   -0.0246163     -0.129737    0.0189377     0.053509   -0.0453442      0.14896   -0.325478    0.160277   -0.0713391     0.179787
 -0.0331534     0.0935984   -0.0691644     0.0703505    -0.0509788    0.0270516   -0.0532228    -0.0737326   -0.0488731    0.0729151   -0.0616002   -0.0845943   -0.101772   -0.180063    0.0778551    -0.195625
  0.0353783      0.647292    -0.399302      0.132156     -0.106292   -0.0008155    -0.131894     0.0603656    -0.108749   -0.0151023   -0.0172881    -0.171778    0.142963   -0.376557     0.247941    -0.338866
 0.00480597     -0.331626     0.194425     0.0275789    -0.0170301    -0.104698   -0.0455753   -0.00542313    0.0500421   -0.0883805   -0.0698717     0.128636   -0.235243   0.0651894    -0.101158     0.220075
  0.0536592    0.00833601     0.132684    -0.0642955    -0.0982219    -0.046489   -0.0873376  -0.000183148    -0.109844    0.0255052  0.000894408     0.078878   -0.165431   -0.109469   -0.0796149    0.0693496
   0.059715    -0.0602165     0.146446   -0.00479275    0.00815941   -0.0637556  -0.00472211    -0.0899041    0.0590171   -0.0350168    0.0483611   -0.0356343    -0.24001  -0.0544039   -0.0956571    -0.050182
 -0.0194556      0.121106    -0.107011     0.0116688    -0.0331555   -0.0891905   -0.0348777    0.00406923   -0.0649284   -0.0287405    0.0653375    0.0312914   -0.130411  -0.0835696    0.0647763    -0.184195
 -0.0433354      0.573361    -0.412001     0.0781364    -0.0941696   -0.0587896    0.0349666     0.0220491    -0.118078   -0.0276115    0.0814394    -0.125493      0.1021   -0.426203     0.112376    -0.212085
   0.028479      0.285233    -0.195839      0.105392    -0.0514391   -0.0496675    -0.162786    0.00669696   -0.0942359   -0.0461979   -0.0527364   -0.0757319   0.0315552   -0.169577   -0.0349212    -0.202991
 -0.0662141      0.155168    -0.169203     0.0923798    -0.0867761   -0.0660143   -0.0587971    0.00772307   -0.0709585   -0.0663324   -0.0794946    -0.102606  -0.0152515    -0.14234    0.0595083    -0.187596
   0.116596     -0.569377     0.559673     -0.147225      0.135725   -0.0757227    0.0645756     -0.137609    0.0227789    -0.126218   -0.0174833     0.162525   -0.248518    0.218542    -0.213079     0.425856
 0.00968674    -0.0146883  -0.00461236     0.0771983    0.00800499    -0.110619    -0.166121    0.00274695   -0.0750482    -0.071296    -0.094737   -0.0881579  -0.0782765  -0.0532209   -0.0433946   -0.0919043
  0.0295857      0.235253    -0.100568      0.100617    -0.0608459   -0.0926255    -0.137351     0.0535492    -0.118307   -0.0291921    0.0307997     -0.03611   0.0292278   -0.115166    0.0206496    -0.203271
-0.00192251       0.21551    -0.209257    -0.0055203    -0.0812842    0.0318029   -0.0874693    -0.0168008  -0.00556156   -0.0768533     0.083656   -0.0938219  -0.0061239   -0.307154    0.0358677     -0.14341
-0.00959377     -0.168158     0.135976     -0.138718    -0.0321757    -0.148647   -0.0704284    -0.0568174    0.0110689    0.0536239   -0.0414519     0.117044   -0.192274   0.0294327   -0.0883295     0.170092
 -0.0832252    -0.0238776  -0.00155907    -0.0653011  -0.000233039    -0.126791    -0.135111     0.0403067    0.0359656   -0.0670365   -0.0239276   -0.0526182  -0.0106442    -0.16672   -0.0751851    0.0444228
 -0.0228767     -0.302128     0.496838     -0.170042     0.0139372    -0.128261    -0.039508   -0.00807374     0.108009    0.0620512    -0.131541    0.0188827   -0.258983    0.179131    -0.190134     0.217736
  0.0539145     -0.248279     0.185494  -0.000897274     0.0992771   -0.0696233  0.000720333    -0.0500663  -0.00254599    0.0330889    0.0547869   -0.0648437   -0.172031  -0.0618907    -0.166232   -0.0471117
 -0.0617327     -0.125188     0.257174    0.00984099     0.0923362    -0.119825   -0.0462331    -0.0835724    0.0669644    -0.105645   -0.0836096    0.0143848    -0.17357   0.0307789    -0.163384     0.178499
 -0.0589843     -0.158709    0.0024433     -0.128146    -0.0464094    -0.137044    0.0323897     0.0613627    0.0633277   -0.0944577    -0.080836    0.0526242   -0.193773  -0.0698817  -0.00692495   -0.0334739
 -0.0864809     0.0831207    -0.136207    -0.0297224       -0.1223    0.0033213    -0.115371     0.0312447   -0.0999516  -0.00450473    0.0565985    -0.132953   0.0418833   -0.209177    0.0641428    -0.183154
 -0.0659496     0.0350078   -0.0701353     0.0338458      -0.13237    0.0120604    -0.200136      0.124117    -0.125464     -0.08904   -0.0152828   -0.0236372   0.0195965   -0.101228  -0.00858253    -0.176779
 -0.0568193      0.217626    -0.115967    -0.0239559     -0.091074    -0.107673   -0.0321104     0.0397321    -0.125157  -0.00981438   -0.0575269    0.0331094   -0.020064   -0.130991   0.00500662    -0.113736
  0.0605137     -0.237886      0.26001     -0.198329    -0.0276487   -0.0863721   -0.0672245     -0.098799     0.118496   0.00834341     0.013857      0.13528   -0.227203   0.0997012    -0.177974     0.210392
 0.00636602      0.471641    -0.309631      0.110297     -0.127736  -0.00960168     0.019745    -0.0148667     0.035754    -0.026331     0.112582    -0.157654  -0.0015536   -0.363084     0.210979    -0.163949
  -0.124839      0.162899   -0.0779563     0.0965903     -0.100429   -0.0650323     -0.12717      0.144786    -0.084416    0.0131341   -0.0737594   -0.0350734   0.0204966  -0.0545283    0.0873976    -0.222802
  -0.100657      0.332573    -0.283778        0.1456    -0.0312608   -0.0882926   -0.0720892       0.18869     -0.09248   -0.0230371    0.0187444    -0.129389    0.126503   -0.109518     0.168596     -0.30213
 -0.0263049  -4.74734E-05     0.117508    -0.0777807   -0.00299532   -0.0689769    -0.118255     0.0678936    0.0590022    -0.108358    0.0574795  -0.00146552   -0.136111  -0.0910984    -0.143297    -0.101052
 -0.0886207     -0.338071     0.348901     -0.205064     0.0129901   -0.0595047   -0.0297337     0.0100259     0.119477   -0.0922824    0.0342585     0.106241   -0.134926   0.0375631    -0.190273      0.17303
  0.0100539     -0.349634     0.210579    -0.0819118     0.0680319   -0.0775569    0.0838332     -0.144805     0.118652   -0.0889165   -0.0342903    0.0345427   -0.202489   0.0408268    -0.147422    0.0882562
 -0.0410379       0.18286    -0.201575    0.00195013     -0.114606   -0.0781706   -0.0891356   -0.00644647   -0.0143719   -0.0729767   -0.0437012    -0.116037  -0.0827694   -0.103161    0.0428031   -0.0315384
-0.00257064      0.215702   -0.0576889      0.101282    -0.0727629  -0.00377613   -0.0215844      0.126337   -0.0413797    -0.053629    0.0784459   -0.0650018  -0.0244309   -0.258176   0.00332473    -0.122452
-0.151164  0.190233  0.146965  0.238578  -0.348336  -0.395962  -0.182528  0.395963  -0.128012  0.142964  0.600396  -0.472922  -0.0154253  -0.0274001  -0.0317256  -0.251509  0.0789233  -0.511841  0.113538  0.618421  -0.402904  -0.122468  -0.147929  0.105776  0.553945  0.227919  0.167845  -0.783659  -0.0209319  0.179365  0.245593  -0.296812  -0.0487453  -0.596448  -0.227286  -0.319888  -0.141242  0.158913  0.0878553  0.132316  -0.427834  0.448293  0.162772  0.328536  -0.0950758  -0.452549  -0.393056  0.135748  0.17147
