  -0.123013     0.642731     -0.320801    0.0386612   0.00873237   0.00552432   -0.200355     0.083129    -0.100537    0.0423725   -0.0533766   -0.00549701     0.115524    -0.437439      0.202511   -0.205671
 -0.0979186    -0.162361      0.152023    -0.164618    0.0837923    -0.129244   -0.163643   -0.0142431    0.0149846    0.0115584    0.0593839     0.0668208    -0.207081   -0.0403565     -0.116208  -0.0371259
 -0.0673183    0.0957078     -0.056731    0.0122064    0.0223967    -0.163384   -0.159359    0.0474495   -0.0097426   -0.0120531    0.0471898    -0.0412023    -0.172751    -0.110206   -0.00298919  -0.0848158
-0.00108421    -0.191441    -0.0189624    -0.107686   -0.0880788    -0.093681    -0.10055   -0.0534679    -0.106053    -0.109164  -0.00340477      0.071351    -0.225095    -0.062561    -0.0411431  -0.0547544
 -0.0501661     0.151249     -0.123866   -0.0267041    -0.018108   -0.0962733   -0.142709   -0.0244147   -0.0709153   -0.0140777   -0.0775336      -0.11366    -0.117072   -0.0725624     -0.147704   -0.144987
-0.00646403    -0.171811   -0.00825619    0.0633481   -0.0435457    -0.086981   -0.161232   -0.0295212  0.000952791    -0.097032    0.0420257     0.0370974    -0.204948    -0.129542   0.000878287   -0.122283
  -0.143527     0.174168     -0.127401   -0.0783961   -0.0771808   -0.0550456    -0.10649    0.0708903    0.0209927    0.0295241   -0.0817326    -0.0818184   -0.0626984    -0.279214    -0.0220046  -0.0996727
 -0.0104432   -0.0247462    -0.0736166    -0.078766   -0.0685204   -0.0886998   -0.156562     0.089299    0.0503413   -0.0319187    0.0175853   -0.00719621    -0.228178   -0.0976752     -0.135939   0.0339717
  0.0178957  -0.00819552     -0.157129   -0.0392113   -0.0284651    -0.145216  -0.0934066   -0.0891034   -0.0245009  -0.00824622    0.0453544     -0.089502   -0.0166673    -0.264144     -0.101314   -0.182306
 -0.0702847    -0.182274      0.134581    0.0686255     0.051915    -0.113929   -0.167439    -0.082449   -0.0627006   -0.0696885    0.0820216    -0.0646116     -0.14966    -0.128093    -0.0160813  -0.0867405
  -0.153304     0.489468     -0.260035     0.173671    -0.114019     -0.12976   -0.130087   -0.0275346  -0.00881565   -0.0186515   -0.0617417     0.0191847     0.255201    -0.267027     0.0413085   -0.320885
  -0.160414     0.292715     -0.345049   0.00111034    -0.126196   -0.0561349   -0.108393   -0.0620977    -0.109492    -0.130377  0.000675034      0.019714     0.113862    -0.371688      0.104096   -0.147137
-0.00358327     0.340097     -0.186438  -0.00566699    -0.100217   -0.0551564   -0.173376    0.0729812    -0.106835    -0.063057    0.0187791    -0.0689592   -0.0204808    -0.215247  -0.000256383    -0.12706
  -0.120566     0.252908     -0.200838     -0.05389    -0.115556    -0.111486   -0.107793    0.0521464    -0.116407   -0.0783783    0.0256279    -0.0495193   0.00960759    -0.206021    -0.0298166     -0.1029
 -0.0337289    -0.270249       0.20934   -0.0443145    0.0702059    -0.124821  -0.0763879  -0.00592271    0.0591403    -0.053581   -0.0683724     0.0516336    -0.232403   -0.0833183     -0.202139    0.125633
  -0.116363    -0.650218       0.42244     -0.26814    0.0765044  -0.00440743  0.00194973    -0.014388   -0.0289904   -0.0313262     0.065653    -0.0158426    -0.451578    0.0974904     -0.258764     0.26374
   -0.10169   0.00378295     -0.187614   -0.0720547   -0.0457548   -0.0622536  -0.0958034   0.00927651    -0.091007   -0.0949305   -0.0161897     0.0510877   -0.0726357    -0.255639    -0.0192177   -0.125256
 -0.0662236     0.210288     -0.244394    0.0553202    0.0184867    -0.170991  -0.0728998   -0.0714974    0.0271525  -0.00603966    0.0279083     -0.109662  -0.00815538    -0.236404      0.056368   -0.217544
  0.0241555   -0.0532416  -0.000271069   -0.0890933    0.0130972   -0.0978561   -0.215544   -0.0804987  -0.00916752      -0.1139   -0.0311448     0.0138359   -0.0659776    -0.182645       -0.1542  -0.0120763
 -0.0860317     0.773391     -0.383405     0.043559   -0.0658042   -0.0278358   -0.246952     0.109384   -0.0206095    0.0102049    0.0383345    -0.0379574     0.190097    -0.414196       0.19895    -0.27062
  -0.105884     0.359189     -0.190666    0.0348473    0.0429862    0.0347709   -0.242393    0.0191324   -0.0789341     -0.12066   -0.0342174    -0.0411852    0.0193412    -0.314575     0.0896963   -0.228879
  -0.159752      0.61504     -0.187351   0.00764243   -0.0732159    -0.119736   -0.100049   -0.0488177     -0.11525   -0.0676907   -0.0936842   -0.00371723      0.22099    -0.324756      0.141084   -0.330442
  -0.100467     0.597651     -0.347079   0.00190767   -0.0482796   0.00804995   -0.179168     0.102067    -0.059294  -0.00926858    0.0173187    -0.0018946     0.116995    -0.374229     0.0749332   -0.263643
 -0.0408154     -0.10175     0.0659051    0.0351602    0.0277402    -0.167456  -0.0187225  -0.00684226    0.0150977    -0.055077    0.0540956     0.0673671    -0.279111   -0.0912126    -0.0594003  -0.0811999
  -0.114793    -0.658645      0.449576    -0.255336    0.0371926   -0.0848553   -0.058187    -0.118063   -0.0219376    -0.022142     0.103884  -1.23699E-05    -0.408729     0.100354     -0.134986    0.230223
  0.0559645    -0.538946      0.360935   -0.0464531    0.0108486   0.00808104  -0.0410572      0.01611    0.0692743   -0.0123443    0.0373217    -0.0914863    -0.435161  0.000675946     -0.253379    0.195212
 -0.0327211    -0.583498       0.33477    -0.259529     0.102085  0.000658056   0.0383625    0.0396644    0.0448955   -0.0258243   -0.0766581      0.089899    -0.471687    0.0531028     -0.157018     0.21215
-0.00767918     0.239776     -0.144008    0.0053438   -0.0122186   -0.0742329   -0.120628    0.0898919    0.0518292   -0.0337352    -0.116582     -0.118032   -0.0706217      -0.2339     0.0788045   -0.229397
 -0.0621302     0.626339     -0.229186     0.073582    0.0130241   -0.0961938    -0.16047    -0.059443    0.0566998    0.0247975   -0.0817027    0.00905477      0.16305     -0.48166       0.15159   -0.265257
 -0.0656267    -0.222287      0.148061    -0.014802    0.0726968    -0.042956  -0.0284835   -0.0328398    -0.101048    -0.106476     0.084591     0.0354083    -0.217342    -0.123277      -0.19514   0.0779132
  0.0704168    -0.663444      0.428882    -0.293245    0.0920902   -0.0494373    0.045573    -0.076861    0.0729186   -0.0168285   -0.0160931    -0.0563052    -0.473989    0.0624939     -0.261609    0.286001
  0.0398457    -0.213739      0.054996    -0.186397   0.00556975    -0.146302    -0.16496   -0.0145222    0.0348406   -0.0710669    0.0364307     -0.044606    -0.231838   0.00892408     -0.214377    0.072655
   -0.13912   -0.0210495     0.0684429   -0.0200569  -0.00861977     -0.16812  -0.0572419   -0.0192957   -0.0832121    -0.123767  -0.00848724    -0.0920718    -0.102848    -0.108156    -0.0564762   -0.131618
  -0.131354     0.294126     -0.172091    0.0161685   -0.0556868  -0.00515834   -0.150141    0.0975607    -0.108777    0.0166576   -0.0798252     0.0479965   -0.0247765    -0.191619    -0.0588239    -0.19901
  -0.108495  -0.00787116     0.0268769    0.0201863   -0.0364583    -0.138637   -0.122869     0.027224   -0.0798523    -0.123911   0.00208731    -0.0604839   -0.0760544    -0.100242     -0.158657   -0.142855
-0.00973652    -0.339987      0.157504    0.0300683     0.049552   -0.0141843  -0.0591205    0.0120921   -0.0170996   -0.0568047    0.0375366   -0.00868952     -0.37704   -0.0156154     -0.177608    0.141046
 -0.0285206    -0.598134       0.37412    -0.168618     0.067428    -0.027903  -0.0636686    0.0219992   -0.0383085    0.0689233    0.0947817     0.0246559    -0.401445     0.048084     -0.263548    0.280523
  -0.124823     0.622047     -0.385535     0.105077   -0.0487095  0.000202685   -0.208777   -0.0785172    0.0690392    0.0308926    0.0198201    -0.0977718    0.0979894    -0.338295     0.0708837   -0.227874
 -0.0785296    -0.586137      0.375159    -0.164759    0.0949266   -0.0749074  -0.0708586   -0.0768229    0.0658358    0.0642152    0.0307926     0.0983169    -0.371398    0.0262209     -0.196023    0.266415
  -0.108698     0.240126     -0.107044   -0.0468641    0.0502184    -0.167664   -0.167166    0.0181978    0.0283997    -0.067795    -0.039319    0.00391564    0.0458867    -0.288118     0.0376777   -0.224751
  -0.148063     -0.20608    -0.0405748   -0.0444046   -0.0726324    -0.079336   -0.194908    0.0440037    0.0293813    -0.128829    0.0317022     -0.107609    -0.164674   -0.0256163     -0.155119  -0.0608203
 -0.0962499     0.363248     -0.165187      0.10056   -0.0940206   -0.0440854   -0.213542     0.115408    -0.128308  -0.00524429   -0.0077145    -0.0221949     0.102572    -0.255231     0.0834778   -0.171743
  0.0497653   -0.0517996     0.0145688   -0.0088948    -0.104621    -0.141375  -0.0776755   -0.0346639    -0.098361    -0.115393   0.00345681     -0.015581    -0.179412    -0.126713     -0.137317  -0.0982293
 -0.0137354    -0.104296     -0.085898  -0.00820755    0.0391294    -0.137352  -0.0511485    0.0123361    -0.104391    0.0164809   -0.0325128    -0.0884559    -0.199598    -0.145229    -0.0130415   -0.140529
  0.0162204     0.143307    -0.0356984    0.0398748   -0.0441639    -0.131923   -0.169879   0.00944787      -0.1082    0.0277689    0.0286939    -0.0347509    -0.021365    -0.186621    -0.0505324   -0.177271
  0.0389419    -0.129422       0.13371   -0.0782992   -0.0731225    -0.140322  -0.0290206    0.0868463    0.0577016   -0.0715053   -0.0701064     -0.083366    -0.340765   -0.0442717    -0.0625343   -0.021722
 -0.0812544      0.11036     -0.132715   -0.0758748   -0.0698003   -0.0682967  -0.0811199     0.104741  -0.00932061   -0.0823783    0.0778504      -0.10925    -0.100966    -0.270551     0.0345694  -0.0756486
 -0.0680008     0.423557      -0.19516    0.0101624    0.0182481   -0.0305867  -0.0507465    0.0519848   -0.0142111    -0.103619   -0.0942668    -0.0520633  -0.00116503    -0.299881    -0.0502582   -0.240846
0.0821629  0.564006  -0.213513  0.0269005  -0.165471  0.0554302  -0.115527  0.140884  -0.0900202  0.047694  -0.15013  0.329584  0.32791  0.231155  0.177869  -0.309137  -0.615513  0.0698705  0.200949  -0.069441  0.644074  0.341575  0.422935  0.501149  -0.149528  -0.606618  -0.539335  -0.573352  0.212136  0.541684  -0.261709  -0.657992  -0.250843  -0.0381919  0.199713  -0.0273418  -0.374238  -0.576244  0.51262  -0.547862  0.216404  -0.141936  0.268271  -0.0840972  -0.0576115  0.0883727  -0.21632  0.10612  0.31809
