  -0.0994852     0.243283     -0.198083    0.0690819    0.0332503    -0.028233   -0.0972724   0.0600898   -0.0118602    0.0721003    0.0180989   -0.0809979   -0.0488543   -0.166117   0.0251202     -0.249804
   0.0624525       0.1275     -0.247942   -0.0753183   -0.0237052   -0.0402341    -0.176939  -0.0254933    0.0355587    0.0549871    0.0804728   -0.0826689   -0.0546863   -0.179473   0.0347292     -0.203478
   0.0162437     0.311822     -0.217032    0.0973837    -0.100289   -0.0608265   -0.0249062    0.139208   -0.0499789   -0.0840157    0.0483478  -0.00066225  -0.00979754   -0.189149   0.0317497     -0.274651
  -0.0515176    -0.224106      0.295305    -0.188348    0.0326936   0.00882383   -0.0780944  -0.0698666     0.122535    0.0211825   -0.0219541   -0.0156713    -0.268271  -0.0422201   -0.281107      0.097409
   -0.116178    -0.321948       0.35575   -0.0242887    0.0511931   -0.0525725    -0.100747   -0.148296   -0.0665722    -0.033035   -0.0629264    0.0178395    -0.295581  -0.0571331   -0.159727      0.124498
  -0.0878551    -0.140246      0.108081   -0.0686415    -0.095967   -0.0514184   -0.0332757  -0.0824054   -0.0570884   -0.0268171    0.0358139     0.047998    -0.230793   -0.084959   -0.142972     0.0779055
  -0.0431494       0.5011      -0.33714     0.062006   -0.0364391     -0.10191    -0.110767    0.196506   -0.0453299      0.01016     0.157677    -0.136814    0.0596674   -0.237625    0.146466     -0.194065
   0.0411314   -0.0763699     0.0590851  -0.00442348    0.0648023   -0.0870466    -0.060683  -0.0150356   -0.0111787    -0.121576   -0.0521924    0.0121929    -0.149218  -0.0860712   -0.177889  -0.000472424
   -0.132381     0.230325    -0.0780859   0.00855979    0.0167325   -0.0621735    -0.120902   0.0370213   -0.0329246  -0.00589807   -0.0608565    0.0354352   -0.0303618   -0.220222   0.0982416     -0.102622
   0.0395901     0.749321     -0.546464     0.171671    -0.102126   -0.0710868   -0.0043975    0.119968    -0.203035     0.171952     0.228354    -0.202858     0.199129   -0.181721    0.422726     -0.400828
  -0.0340285     -0.42389      0.265043    -0.177259   -0.0464481    -0.185685     -0.11212   -0.209691    0.0479141    -0.166503   -0.0607276     0.121326    -0.171739   0.0135086   -0.240919      0.323642
   -0.136709   -0.0505597    -0.0500625    0.0416598   -0.0134029   -0.0356688    -0.150125  -0.0083675  0.000705049   -0.0162325   -0.0385024   -0.0908432    -0.122467  -0.0562583  -0.0586387     -0.132155
 0.000860891    0.0234439    -0.0430506    -0.100657  -0.00118147  -0.00773914   -0.0822157   0.0564438    -0.112515    -0.101752    0.0512563   -0.0312948    -0.186606  -0.0623738    -0.10074    -0.0626021
  -0.0479105    -0.044289    -0.0220648   -0.0856496     0.065042   -0.0913581  -0.00188738    0.088489  -0.00304472   -0.0368352    -0.113281    -0.108868   -0.0644505   -0.201782  -0.0938032    -0.0362745
  -0.0853062    -0.265706      0.106149    -0.158515   -0.0195409    -0.106897   -0.0371944   0.0321069    0.0117795   -0.0332321   -0.0742644   -0.0662438    -0.164251  -0.0678426   -0.224462      0.113437
  -0.0267874      0.17537    -0.0559548   -0.0070604    0.0487129    -0.124073   -0.0540971   -0.065443    -0.113948   -0.0302251    0.0307254    0.0121052   -0.0996088   -0.215602  0.00664968    -0.0167444
   0.0320431    -0.408453      0.336471   -0.0794973   -0.0950198     -0.19161   -0.0835961   -0.179504    0.0272841     0.013488   -0.0871141     0.195266    -0.391375  0.00661249   -0.158641      0.249738
  -0.0316002     0.109569    -0.0823771    0.0682601   -0.0458946    0.0209808   -0.0449416  -0.0581284   -0.0540618     0.080283     -0.04768    -0.101158      -0.1089   -0.161532    0.106236     -0.222086
   0.0596732      0.72499     -0.443236     0.110125   -0.0825839  -0.00264236   -0.0919223     0.11606    -0.129876    0.0140179    0.0639073    -0.232736    0.0932805   -0.297124    0.407071     -0.430484
  -0.0135806    -0.361291       0.21994    0.0196628   -0.0436154     -0.12484   -0.0887198  -0.0481553    0.0596459    -0.115134    -0.106741     0.166031    -0.268448  -0.0438686   -0.175756       0.27651
   0.0447413  -0.00213774      0.139875   -0.0657199    -0.106226   -0.0585147    -0.103734  -0.0100686    -0.109478    0.0179289   -0.0115321    0.0862511    -0.182289   -0.141828   -0.104997     0.0771329
   0.0492162   -0.0709706      0.154764  -0.00856272  -0.00229658   -0.0808508   -0.0269748    -0.10075    0.0585022   -0.0435081    0.0327624   -0.0283178    -0.260575  -0.0927223   -0.125361    -0.0430607
  -0.0162599     0.137125     -0.119244    0.0125278   -0.0267124   -0.0890849   -0.0199932   0.0226584   -0.0679677   -0.0182361    0.0791297     0.013186    -0.123488   -0.048621   0.0931507     -0.212098
  -0.0237503     0.640778     -0.462819    0.0544561   -0.0670288   -0.0421453    0.0600715   0.0678507    -0.126216  -0.00152483     0.150206    -0.185426    0.0793514   -0.348802    0.238709     -0.304136
   0.0325147     0.311166     -0.208967    0.0999697   -0.0459544   -0.0622885    -0.159882   0.0274911    -0.105641   -0.0412716   -0.0265246   -0.0967485   -0.0037178   -0.164142   0.0159178     -0.231922
  -0.0626547     0.176171     -0.178843    0.0913959   -0.0840343   -0.0734676    -0.046971   0.0288379   -0.0796916   -0.0586362   -0.0595994    -0.122947   -0.0319481   -0.118122    0.100881      -0.21778
   0.0623029    -0.647372      0.551442    -0.200303     0.111337   -0.0594134   -0.0806064   -0.242542     0.080585    -0.187005    -0.120395     0.227294    -0.235377   0.0124921   -0.421187      0.506703
  0.00529917   -0.0147428   -0.00651011    0.0761158   0.00658371     -0.11907    -0.172525  0.00366955   -0.0763931   -0.0715943   -0.0973644   -0.0910408    -0.086011  -0.0609816  -0.0484447    -0.0987714
   0.0333233       0.2591      -0.10662     0.104222   -0.0588882    -0.104199    -0.121459     0.07945    -0.129621   -0.0193161    0.0528367   -0.0592673    0.0126792  -0.0802868   0.0670715     -0.238176
  0.00290746      0.24338     -0.239492   -0.0134113   -0.0660699    0.0264754   -0.0880491   0.0040851   -0.0139686   -0.0695099     0.112948     -0.12078   -0.0280799   -0.293897   0.0870651     -0.185531
  -0.0244671    -0.194009      0.155758    -0.150872   -0.0502829    -0.162396    -0.100507  -0.0880734    0.0212005    0.0339802   -0.0721542     0.142242     -0.20841   -0.039697   -0.151616      0.205433
   -0.088374   -0.0279761  -0.000682486   -0.0657255  -0.00460551    -0.132418    -0.142967   0.0372083    0.0361391   -0.0686336   -0.0298255   -0.0523338    -0.015865   -0.176992  -0.0870578     0.0425761
  -0.0554693     -0.34958       0.50501    -0.239477  -0.00691416    -0.163793    -0.122558  -0.0820352     0.134025    0.0131463    -0.190686    0.0622756    -0.295509  0.00117383   -0.320366      0.284559
   0.0401786    -0.265302      0.196128  -0.00993573    0.0836605   -0.0888008   -0.0305568  -0.0707839  0.000409427    0.0201888    0.0300688   -0.0510494    -0.191998   -0.117949   -0.213074    -0.0302054
  -0.0767173     -0.15285      0.272659  -0.00154186    0.0719345    -0.127114   -0.0820495   -0.120109     0.078161    -0.126936    -0.115244    0.0425299    -0.189294  -0.0475455   -0.226623      0.221007
  -0.0681443    -0.168352     0.0106003    -0.131688   -0.0547962    -0.151545    0.0140508   0.0506725    0.0636882    -0.101104   -0.0950935    0.0598649    -0.209095   -0.102902  -0.0352751    -0.0263252
  -0.0840063     0.103717     -0.150636   -0.0291582    -0.117675  -0.00931717    -0.110156   0.0500076    -0.110228   0.00113525    0.0767367    -0.151519    0.0169506   -0.199459    0.104718     -0.212257
  -0.0676739    0.0460657    -0.0753457    0.0351867    -0.133219  -0.00462814    -0.200774     0.13723    -0.134195   -0.0863558  -0.00605105   -0.0369319  -0.00178824  -0.0973631   0.0113147       -0.1984
  -0.0556841     0.234167     -0.126027    -0.021028   -0.0892181    -0.113116   -0.0259164   0.0572216    -0.130863  -0.00253518   -0.0434019    0.0148213   -0.0293801   -0.109824   0.0339401     -0.141887
   0.0385128    -0.279091      0.278092    -0.231684   -0.0500226   -0.0829073    -0.119532    -0.15624     0.147634   -0.0230801   -0.0372448      0.17325    -0.220248  0.00579233   -0.283567       0.26495
   0.0195912     0.529349      -0.36018    0.0966877    -0.105703  -0.00216953    0.0481806   0.0334532    0.0234122   0.00300337     0.167103    -0.216309   -0.0119266   -0.275104    0.317117     -0.264421
   -0.121761     0.185368    -0.0752441     0.107696     -0.10392   -0.0833277     -0.10399     0.17392   -0.0983691     0.022939   -0.0543595    -0.057995   0.00313491  -0.0106712    0.133112     -0.258063
  -0.0876748     0.376463     -0.277677     0.164765   -0.0296544    -0.111079   -0.0229564    0.240016    -0.116666  -0.00880281    0.0642198    -0.168245    0.0873248  -0.0301635    0.268379     -0.358669
  -0.0326247   -0.0065327      0.121503   -0.0801996  -0.00879097   -0.0775643    -0.129124   0.0616696    0.0594032    -0.111371     0.047939   0.00118351    -0.144674   -0.108179   -0.160972    -0.0997293
   -0.111763    -0.381668      0.355503    -0.245758   -0.0059743   -0.0410036   -0.0910422  -0.0561014     0.155996    -0.122705    -0.022302     0.144679    -0.109719  -0.0586599   -0.305731      0.229201
  -0.0120725    -0.383612      0.222478    -0.109452    0.0472391   -0.0864091    0.0244534   -0.193921     0.138073    -0.117695   -0.0810712    0.0673834    -0.206326  -0.0582755   -0.242049      0.134771
  -0.0395473     0.200261     -0.216486   0.00066697    -0.110137   -0.0842069   -0.0846732   0.0104206   -0.0213442   -0.0659998   -0.0280009    -0.134255   -0.0947028  -0.0867301   0.0737783     -0.061239
-0.000280546     0.237416    -0.0754298    0.0972034   -0.0667212  -0.00926268   -0.0136356    0.148385    -0.047931   -0.0434347    0.0978345   -0.0901543   -0.0317969   -0.226383   0.0400585     -0.164333
-0.01111  0.265722  0.22758  0.312089  -0.322533  -0.378863  -0.157987  0.498791  -0.0913621  0.201805  0.752081  -0.455596  0.0399075  0.0412513  0.0103439  -0.22201  0.126377  -0.504734  0.194864  0.752419  -0.400807  -0.103486  -0.104281  0.212415  0.668125  0.292349  0.246127  -0.658982  0.0340088  0.264542  0.327519  -0.281915  -0.0221028  -0.535885  -0.184068  -0.30982  -0.0984978  0.239695  0.147695  0.203389  -0.413536  0.573347  0.255738  0.434604  -0.0545099  -0.425442  -0.354624  0.214559  0.248277
