-0.0925087    0.209879    -0.178969    0.0726333     0.0357969  -0.00520622   -0.0730684     0.0398519    0.00210575     0.0694993  -0.00654681   -0.0477399    0.0089136   -0.147601    -0.0199554    -0.20311
 0.0673981    0.103004     -0.22778   -0.0755021    -0.0262518    -0.023644    -0.158863    -0.0403042     0.0466343     0.0522194    0.0607321   -0.0581897   -0.0113184   -0.161311  -0.000157649   -0.168501
 0.0263561    0.271465     -0.19433     0.104587    -0.0911699   -0.0356193   0.00432397      0.111881    -0.0358109    -0.0908145    0.0207711    0.0494107    0.0509487   -0.184038    -0.0167331   -0.204439
-0.0496513   -0.188112     0.259657    -0.169525     0.0436849  -0.00372461   -0.0800647    -0.0330126     0.0972449      0.033188    0.0143539    -0.056036    -0.314676  -0.0290593     -0.206169   0.0411379
 -0.115901   -0.289041     0.309301   -0.0248073       0.06859   -0.0431946    -0.104284     -0.114475    -0.0816916    -0.0171821   -0.0306055   -0.0325744    -0.308124  -0.0141612    -0.0944069   0.0549469
-0.0830723   -0.122203    0.0898107   -0.0690778     -0.090137   -0.0425424   -0.0273022    -0.0674797    -0.0632823    -0.0185984    0.0540386    0.0272446    -0.233853  -0.0617978     -0.105385   0.0529577
-0.0347426    0.432276     -0.29534    0.0784527    -0.0351663   -0.0799201   -0.0716511      0.158805    -0.0259356   -0.00440805     0.107582    -0.065813     0.142564   -0.235028     0.0585556  -0.0910527
  0.047007  -0.0627904    0.0496586  -0.00412783     0.0715343   -0.0797436   -0.0535143   -0.00397859    -0.0159382      -0.11676   -0.0373296  0.000723469    -0.151994  -0.0695672     -0.147674  -0.0125437
 -0.124637    0.209505   -0.0564312    0.0165851     0.0148118   -0.0492174   -0.0996856     0.0231631     -0.026439    -0.0106867   -0.0746346    0.0649716  -0.00165664   -0.213625     0.0771984   -0.059083
 0.0454824    0.639528    -0.499424     0.176183    -0.0859861   -0.0460138    0.0186656     0.0505372     -0.169889      0.136003     0.145037    -0.084462     0.278378   -0.273486      0.266749   -0.228959
-0.0342751   -0.373274     0.230964    -0.149258    -0.0428045    -0.207758    -0.113011     -0.147707    0.00106289     -0.142016   -0.0096758    0.0483807    -0.236335   0.0727553       -0.1367    0.219322
 -0.130912  -0.0511994   -0.0478958    0.0425751    -0.0113155   -0.0230185    -0.141627     -0.010174    0.00315515     -0.015306   -0.0364104   -0.0860256    -0.109786  -0.0458367    -0.0533947   -0.121845
0.00770989   0.0239287   -0.0402452   -0.0995083    0.00141797   0.00637513   -0.0713336     0.0551018      -0.11097     -0.100756    0.0549695   -0.0262219    -0.174441  -0.0507573    -0.0916394   -0.050632
-0.0412026  -0.0414777   -0.0219865   -0.0847001     0.0692683   -0.0805678   0.00914427     0.0898479   -0.00223439    -0.0348993    -0.108413    -0.106889   -0.0539845   -0.188712     -0.081906  -0.0297145
-0.0827365   -0.240424    0.0858902    -0.147375    -0.0152203    -0.110891   -0.0352658     0.0583606   -0.00503918    -0.0260577   -0.0485322   -0.0949129    -0.193785  -0.0503266     -0.170825   0.0744825
-0.0186602    0.165084   -0.0401401  -9.1977E-05     0.0477961    -0.113085   -0.0354062    -0.0722859     -0.111165    -0.0314051    0.0248677    0.0313313   -0.0792497   -0.204621      0.001132   0.0132163
 0.0289008    -0.36702     0.275055   -0.0760578    -0.0849158    -0.185127   -0.0895306     -0.132006    0.00351788     0.0369681   -0.0489983     0.119603    -0.412434   0.0720973    -0.0776398    0.141348
-0.0258651   0.0887565   -0.0646968    0.0732056    -0.0450369    0.0348505   -0.0347469    -0.0741978    -0.0462719     0.0746071    -0.061439   -0.0750129   -0.0841179   -0.163442     0.0804056   -0.182732
 0.0676448    0.616525    -0.382593     0.136241    -0.0739465    0.0285239   -0.0417534     0.0596358    -0.0984633     -0.010955   -0.0193648    -0.124493     0.222026   -0.307158      0.252731   -0.276937
-0.0149931   -0.322988     0.176168    0.0137688    -0.0305369    -0.129261    -0.095978   -0.00604965     0.0373203    -0.0957634   -0.0721201      0.10311    -0.298438  0.00448939     -0.105421    0.186421
 0.0508573   0.0114645     0.128353   -0.0670834     -0.100324   -0.0471848   -0.0959056  -0.000227141     -0.111667     0.0247802  0.000877017    0.0737666     -0.17539    -0.11977    -0.0779176    0.063929
 0.0554608  -0.0567668     0.140886  -0.00861142    0.00504114   -0.0676142   -0.0168431    -0.0900513     0.0560189    -0.0368909    0.0481344   -0.0416428    -0.254827  -0.0701375    -0.0946345  -0.0572518
-0.0115985    0.116583    -0.102953    0.0141662    -0.0272967   -0.0803542   -0.0164436    0.00350895    -0.0622317    -0.0271419    0.0659356    0.0415797    -0.111833  -0.0665553     0.0686299   -0.170198
-0.0201549    0.549249    -0.401008    0.0854174    -0.0761732   -0.0341575    0.0865233     0.0198349     -0.110987    -0.0273292    0.0813172   -0.0870445      0.15903   -0.376778      0.117131   -0.164719
 0.0399076     0.27415    -0.188555     0.107462    -0.0403424   -0.0407296    -0.132562    0.00562294    -0.0913702     -0.045787   -0.0530499   -0.0589451    0.0534068   -0.149295    -0.0321333   -0.180267
-0.0562209    0.147209    -0.163246    0.0950363    -0.0779439   -0.0565905   -0.0332334    0.00678282    -0.0679757    -0.0650246   -0.0792392   -0.0886594   0.00572605   -0.122905     0.0630633   -0.168583
 0.0694337    -0.55093     0.521067    -0.166465      0.100943    -0.142814   -0.0641955     -0.141156    -0.0173848     -0.150783    -0.019583      0.10612    -0.404227     0.07391     -0.221925     0.34888
 0.0113444  -0.0143754  -0.00502062    0.0772548    0.00897367    -0.107068    -0.163605    0.00270164    -0.0745573    -0.0707301   -0.0944213   -0.0870747   -0.0742092  -0.0499644    -0.0412869   -0.089707
  0.041282    0.225247   -0.0930893      0.10218    -0.0497324   -0.0833982    -0.105731     0.0525179      -0.11545    -0.0273799    0.0308101   -0.0196486    0.0505026  -0.0949467     0.0248101    -0.18057
0.00932628    0.206233    -0.203468  -0.00272874    -0.0717191    0.0442042   -0.0616663    -0.0176914  -0.000985587    -0.0776703     0.083725   -0.0766407     0.022988    -0.28287      0.037986   -0.121397
-0.0226453   -0.161108     0.123858    -0.144991    -0.0412062    -0.163892    -0.104602    -0.0574836    0.00294491     0.0475898   -0.0427651     0.100184    -0.235688  -0.0131799    -0.0898862    0.148566
-0.0827231  -0.0227265  -0.00279304   -0.0655098  -0.000209062    -0.124495    -0.135335     0.0402676     0.0356965     -0.066673   -0.0236833   -0.0529305   -0.0102346   -0.166986    -0.0731124   0.0447858
-0.0535162   -0.290482     0.467231    -0.184358   -0.00626374    -0.175901    -0.119549    -0.0108072     0.0847336     0.0383978    -0.135253   -0.0128991    -0.365052   0.0695395     -0.196339      0.1738
  0.044987   -0.243153       0.1762  -0.00647913     0.0928305   -0.0810142   -0.0237256    -0.0504545   -0.00870374     0.0280004    0.0540752   -0.0754024    -0.201962  -0.0927691     -0.166643   -0.060995
-0.0763565   -0.117064     0.242879   0.00118328     0.0809012    -0.138887   -0.0837349    -0.0836085     0.0569653     -0.110665   -0.0849086  -0.00432757    -0.217866  -0.0130734     -0.165846    0.153175
-0.0631764    -0.15592  -0.00187894    -0.130445    -0.0494438     -0.14185    0.0213347     0.0610008     0.0602562    -0.0964108   -0.0813844    0.0469532    -0.209933   -0.085958   -0.00637859  -0.0401232
-0.0778145   0.0757878    -0.131239   -0.0295608     -0.114254     0.011178   -0.0921806     0.0307032    -0.0969896   -0.00337831    0.0564555    -0.120924    0.0616296   -0.191556     0.0659949   -0.166876
-0.0597249   0.0307809   -0.0669283    0.0341925     -0.126557    0.0183421    -0.184188      0.123597     -0.123484    -0.0883836   -0.0151647   -0.0153983     0.031884   -0.090686   -0.00601688   -0.165035
-0.0466937    0.211011    -0.110882   -0.0223692    -0.0829354   -0.0958585  -0.00753884     0.0389702     -0.121909   -0.00765303   -0.0569599    0.0468612   0.00313663   -0.110221    0.00975757  -0.0948546
 0.0393012   -0.227217     0.240529    -0.204905    -0.0442942    -0.113311    -0.124616    -0.0997226      0.103098  -0.000573168     0.012471     0.108623    -0.295968   0.0340602      -0.18029    0.174804
 0.0274124    0.452087    -0.297308     0.120544     -0.110511     0.010685     0.069759    -0.0168584     0.0426688    -0.0262475     0.112567     -0.12357    0.0505214   -0.317537      0.215561    -0.12096
 -0.112397    0.152404   -0.0698061    0.0962626    -0.0875336   -0.0542348   -0.0906938      0.143876    -0.0803447      0.016133   -0.0740417   -0.0183242    0.0432701  -0.0323988     0.0915264   -0.199383
 -0.075286    0.314775    -0.267868     0.144811   -0.00564203   -0.0605829   0.00193892      0.185734       -0.0775    -0.0179661    0.0180756   -0.0950235      0.17812  -0.0644964      0.176453   -0.253967
-0.0280803  0.00215164       0.1148   -0.0786679   -0.00468132   -0.0697286    -0.123671     0.0679313     0.0576524     -0.108497    0.0574954  -0.00452024    -0.141807  -0.0969995     -0.142112   -0.104569
 -0.111623   -0.327163     0.328748    -0.210112   -0.00545537   -0.0925168   -0.0909359    0.00922468      0.101095     -0.101462    0.0325722    0.0780438    -0.209115  -0.0321493      -0.19344    0.134326
-0.0105452   -0.340387     0.192144    -0.090953     0.0526633    -0.109945    0.0292801     -0.146138      0.102316    -0.0999319   -0.0361107    0.0110773    -0.273287  -0.0288597     -0.150821   0.0560633
-0.0326694    0.177122    -0.197273   0.00386052     -0.107771   -0.0692634   -0.0693884   -0.00714467    -0.0114923    -0.0723259   -0.0432601    -0.104466   -0.0633344  -0.0861542     0.0461105  -0.0157631
0.00866771      0.2079    -0.051283      0.10585    -0.0637294   0.00952402   0.00526566      0.125362    -0.0373909     -0.052515    0.0788989   -0.0491545   0.00236512   -0.234206     0.0076889   -0.101054
0.0790524  0.244402  0.193851  0.305363  -0.278045  -0.324624  -0.112562  0.451814  -0.0506502  0.200786  0.679683  -0.375533  0.0351641  0.0333089  0.0357945  -0.180317  0.139771  -0.425025  0.166606  0.666355  -0.309702  -0.0529291  -0.0810375  0.169188  0.597244  0.278029  0.225096  -0.654732  0.0361343  0.242804  0.29307  -0.214315  0.0148274  -0.509023  -0.151775  -0.230617  -0.0765074  0.207956  0.13906  0.203084  -0.334945  0.497219  0.231142  0.416068  -0.0399227  -0.358144  -0.297705  0.191697  0.236079
