  -0.0595713   0.0429016    -0.025682    0.0505276     0.0785091    0.0443972  -0.00255888  -0.00451403    0.0553412    0.0757023   -0.0194977    -0.0197374    0.0439828    0.0338252   -0.0684616   -0.0777101
   0.0991242  -0.0291683    -0.106045   -0.0953383     0.0104759    0.0343271   -0.0897508   -0.0697846    0.0913769    0.0605068    0.0520254    -0.0354672    0.0507969    0.0168102   -0.0328311   -0.0632733
   0.0503863   0.0730098   -0.0435105    0.0802667    -0.0576758   0.00665965    0.0347076    0.0617102   0.00515521    -0.100381   0.00291228     0.0814203    0.0459956   -0.0324841    -0.079204   -0.0741432
  -0.0294775   0.0464816    0.0428119   -0.0802052     0.0310445    0.0839434   -0.0134667    0.0168908    0.0891473    0.0700763    0.0549799     -0.071685   -0.0986851   -0.0513799   -0.0910073   -0.0568277
  -0.0980394  -0.0397695    0.0655813    0.0691247     0.0578484    0.0452445   -0.0274182   -0.0595229   -0.0932796    0.0230642    0.0121945    -0.0534035   -0.0574051   -0.0179144    0.0274435   -0.0617214
  -0.0429438   0.0172688  -0.00363356   -0.0159252    -0.0794316     0.068474    0.0834931   -0.0390157   -0.0466267    0.0258349    0.0842875     0.0313251  -0.00622314    0.0421623   -0.0104734    0.0386224
  -0.0206635   0.0853732   -0.0637762    0.0360178     0.0144045   -0.0734948   -0.0547646    0.0865701    0.0266433   -0.0323374    0.0704608    -0.0288231    0.0723317   -0.0312717   -0.0695578     0.085312
    0.088675   0.0246712    0.0119503    0.0327242     0.0825067    0.0154481    0.0557539    0.0153808   0.00744993   -0.0756335    -0.015589    0.00987381    0.0407053    0.0561529   -0.0748546   0.00208584
  -0.0983274   0.0941697    0.0479979   0.00445903     0.0412644   0.00218829     -0.05607  0.000636362  0.000783167  -0.00580687   -0.0791602     0.0889303      0.02956   -0.0761313    0.0584329    0.0356398
   0.0650221    0.116162    -0.136165    0.0928359   -0.00834895   -0.0457581   -0.0116836   -0.0833831   -0.0862246    0.0781176    0.0765713    -0.0262167     0.128528   -0.0411286    0.0461152    0.0548257
  -0.0129325  -0.0690726   -0.0583915   -0.0204633    -0.0518597   -0.0985694   -0.0188661   -0.0700639   -0.0175147   -0.0908332    0.0397379     0.0241157    0.0697486    0.0886847    0.0212524    0.0738713
  -0.0960051  -0.0415959   -0.0237372    0.0565967    0.00686664    0.0496201   -0.0589638  -0.00937592    0.0323135    0.0142061   -0.0260068    -0.0739973    0.0157912    0.0831375   -0.0224236   -0.0797157
   0.0458551   0.0410258   -0.0215324   -0.0851512     0.0172523    0.0835254    0.0195403    0.0572846   -0.0859218   -0.0733981    0.0694081    -0.0108577   -0.0497742    0.0726377   -0.0478886  -0.00399439
 -0.00852721  0.00181746   -0.0318633   -0.0648471     0.0826569  -0.00215446    0.0803584    0.0953795     0.017303  -0.00845502   -0.0955662    -0.0958157    0.0804582   -0.0931984   -0.0373777  0.000570839
  -0.0552089  -0.0780966   -0.0493788   -0.0805321    -0.0153215   -0.0242864    0.0552071     0.100462  -0.00216986    0.0138654   -0.0194079    -0.0996311    0.0155569    0.0107657   -0.0752004      0.02076
  0.00546754   0.0980146    0.0284751  -0.00547402     0.0614557   -0.0734526    0.0114593   -0.0832496   -0.0958806   -0.0235839    0.0258224       0.05081   -0.0499498    -0.104477   0.00598273    0.0829066
   0.0441823  -0.0677199   -0.0577644    0.0466997    -0.0920537   -0.0752508   0.00849743   -0.0632316   -0.0150489    0.0820796  0.000444523     0.0945115   -0.0989185     0.068957    0.0784613   -0.0180141
  0.00905026  0.00947039    0.0252585    0.0709839    -0.0184707     0.102013    0.0342945   -0.0954117   -0.0131574    0.0919812   -0.0617332    -0.0510982   -0.0123646   -0.0150767    0.0780866   -0.0924227
   0.0772574    0.113418   -0.0543678     0.087282   -0.00581561     0.055836   -0.0751946   -0.0445691   -0.0211783    -0.071347   -0.0791963    -0.0797205     0.114113   -0.0297725    0.0444055   -0.0392298
  0.00353703  -0.0876493   -0.0582782    0.0963724    -0.0362939   -0.0552711  -0.00961384    0.0476098    0.0230257   -0.0642747   -0.0319491     0.0881235    -0.085935   -0.0203013    0.0236014    0.0829533
   0.0892288    0.103873    0.0817476     -0.03203    -0.0885377    0.0455485  -0.00433277    0.0154278   -0.0940464    0.0584882    0.0229855     0.0824819   -0.0011124   -0.0262165  -0.00667317    0.0768843
   0.0965675   0.0737373    0.0586994    0.0411564     0.0149741    0.0414503     0.091633   -0.0652966    0.0756741   0.00657902    0.0761243    -0.0354359   -0.0304582     0.038497  -0.00561834   -0.0651907
   0.0174362   0.0641674   -0.0407718    0.0125648   -0.00802635   -0.0219939    0.0307669   -0.0152959   -0.0391804   -0.0154698    0.0669231     0.0648334   -0.0538296    0.0368469      0.07522   -0.0944098
  -0.0126416   0.0999535    -0.123104    0.0408641    -0.0251554   -0.0199371    0.0818337   -0.0623717   -0.0570212   -0.0632494    0.0262186    -0.0494565    0.0882335    -0.106436   -0.0656365    0.0385759
   0.0672883   0.0689577   -0.0244444    0.0828137    0.00339954   0.00132431   -0.0791196   -0.0410751   -0.0408363   -0.0507006   -0.0690194    -0.0311479    0.0650103    0.0365754   -0.0966509    -0.049749
  -0.0360145   0.0341967    -0.076111    0.0838118    -0.0571819   -0.0135975   -0.0160487   -0.0245435   -0.0439958   -0.0676043   -0.0864252     -0.067331    0.0146356    -0.029246    0.0357393   -0.0805073
   0.0807066   -0.095214    0.0280371    0.0405843     0.0812803   -0.0436035    0.0835413   -0.0269021   -0.0837924      -0.0946    0.0593758     0.0648533   -0.0346667    -0.016638    0.0165376    0.0987038
   0.0443101  0.00533646   0.00861756    0.0927004     0.0254634   -0.0359236   -0.0912343   0.00485031    -0.049614   -0.0435931   -0.0838596     -0.076089    0.0498764    0.0645187  -0.00771086   -0.0526022
   0.0712109    0.088142    0.0301841    0.0841705    -0.0156476   -0.0339304   -0.0613688    0.0108667   -0.0752126   -0.0241601    0.0221066    0.00936524    0.0725303    0.0388859  -0.00809901   -0.0649058
   0.0319301  -0.0231507   -0.0352082   -0.0339138    -0.0431485    0.0828777   -0.0181452   -0.0531216    0.0358952   -0.0884552    0.0640469    -0.0489699    0.0146109   -0.0882645   -0.0263293   0.00894741
  0.00507213   0.0401808   -0.0468526   -0.0729894    -0.0386428   -0.0697812   -0.0274396   -0.0177106   0.00196956    0.0809371    -0.010111     0.0939583   -0.0217026   0.00118462    0.0211228    0.0871962
  -0.0531942  -0.0236705    0.0229762   -0.0596064     0.0127469   -0.0767742   -0.0610516    0.0411019    0.0561665   -0.0499568   -0.0149885    -0.0403127    0.0711622   -0.0726101   -0.0438508    0.0877823
  -0.0547499    0.032918     0.102393    -0.035552    -0.0300335    -0.102963   -0.0686996    0.0744383    0.0543315    0.0789043    -0.098876    -0.0510369   -0.0724358    0.0110651   -0.0656562   -0.0326648
   0.0852845   -0.072828    0.0556622     0.061604     0.0928915    0.0371207    0.0936887  -0.00837824   0.00889723     0.082398    0.0876352    -0.0769658    0.0644364    0.0272923   -0.0623922    -0.101269
  -0.0442631   0.0855838    0.0858303    0.0744638      0.076718   -0.0504218     0.015457   -0.0385789     0.059428   -0.0704264   -0.0533801    -0.0104882    0.0150862    0.0320933   -0.0544979    0.0926137
  -0.0394884  -0.0538595   -0.0835874   -0.0942938    -0.0458472   -0.0821499    0.0848743    0.0793263    0.0626612   -0.0784592   -0.0609653      0.052402   -0.0905763   -0.0649037    0.0656053   -0.0536062
  -0.0514782  -0.0387968   -0.0337975   -0.0449701    -0.0906201    0.0675714   -0.0564171  0.000387934   -0.0651493  -0.00073561    0.0497292    -0.0995431     0.097532    -0.065401    0.0395646   -0.0715327
  -0.0228374  -0.0693941    0.0414227    0.0213775      -0.09976    0.0764808    -0.105939    0.0980477   -0.0808929   -0.0764741   -0.0160646    0.00859879     0.087283    0.0650893    -0.014903   -0.0657707
 -0.00612704    0.106572   0.00393161   -0.0359886    -0.0486421   -0.0222341    0.0716188   0.00564443   -0.0770565    0.0117095   -0.0614369     0.0777585    0.0845514     0.064208  -0.00212469    0.0195024
   0.0647591   0.0524043   -0.0147612   -0.0962528    -0.0507529  -0.00963336   -0.0387983   -0.0400166     0.091874    0.0416261     0.059078     0.0912879   -0.0385691    0.0136701   -0.0354777     0.062493
   0.0464656   0.0939505   -0.0410961    0.0841645    -0.0779211    0.0495343    0.0750167   -0.0852611    0.0858885   -0.0520911    0.0707541    -0.0816267    -0.009962   -0.0856215    0.0898732     0.075301
  -0.0800766   0.0375883    0.0439709    0.0772591    -0.0549985  -0.00562192    -0.040882     0.100741   -0.0383627    0.0222055   -0.0797039     0.0119631    0.0621547    0.0811138     0.070066   -0.0868799
  -0.0629888   0.0524149   -0.0880963    0.0896207     0.0436122   -0.0611186   -0.0227749    0.0981932   -0.0315638    -0.051493   -0.0110058    -0.0573621    0.0545606  -0.00723917    0.0751342   -0.0939733
 -0.00666285   0.0598016    0.0842062   -0.0585468  -0.000553409   -0.0255511   -0.0738958    0.0780686    0.0660696   -0.0930407    0.0714631  -0.000269573   -0.0538345   -0.0582406    -0.099916    -0.101402
  -0.0973758  -0.0592238    0.0639871   -0.0988524    -0.0229032   -0.0205566    -0.015019    0.0767734     0.078961   -0.0660506    0.0783225     0.0558947   0.00995597    -0.080498   -0.0575734   0.00491402
  0.00395461  -0.0919259    -0.066812   0.00343581     0.0384332   -0.0376288    0.0963801   -0.0901262    0.0773745   -0.0763358   0.00887581   -0.00314162   -0.0839626   -0.0976364   -0.0132775   -0.0557084
-0.000440451   0.0601291   -0.0856233   -0.0118202    -0.0848643   -0.0165622  -0.00602785   -0.0339307    0.0237829   -0.0652494   -0.0483277    -0.0786539   -0.0211519    0.0643636    0.0301879    0.0886214
   0.0423874   0.0902603    0.0633422     0.097589    -0.0338637    0.0797379    0.0578554    0.0937798  -0.00110833   -0.0442672     0.073071    -0.0206438    0.0566661   -0.0792416   -0.0114552    0.0114023
0.028374  0.121214  0.0941609  0.0977915  -0.0369772  -0.0422998  0.053968  0.167484  0.0843578  0.0711684  0.220739  -0.0267786  0.0701635  0.0913871  0.0380626  0.0453856  0.0947774  -0.0381958  0.0891881  0.204897  -0.00778134  0.0449806  0.058901  0.0741105  0.184503  0.113862  0.0430687  -0.0839199  0.0512567  0.0811114  0.149247  -0.00130221  0.0972217  -0.0624715  0.0552204  0.0464979  0.041967  0.0413897  0.120957  0.126635  -0.0237079  0.166719  0.10223  0.0890169  0.0377323  -0.0171355  -0.0370235  0.123043  0.0745199
