 -0.0819496     0.140319     -0.13949     0.0752449     0.0555486    0.0454614   -0.0843472    0.0135705   0.00967447    0.0623742   -0.0175301   -0.0236791   0.0267548   -0.0963975    -0.0422547    -0.149734
  0.0798439    0.0508982    -0.194893    -0.0779484    -0.0114186      0.02956    -0.160101   -0.0562396    0.0542797    0.0488709    0.0532153   -0.0388827   0.0225688    -0.101047    -0.0119784    -0.121707
  0.0353592     0.176973     -0.14291      0.108475    -0.0720172    0.0179578   -0.0255202    0.0782175   -0.0319717    -0.104277   0.00373334    0.0810621   0.0574778    -0.132392    -0.0499224    -0.136834
 -0.0305304   -0.0917149      0.18006     -0.128357     0.0247673   0.00164776   0.00333666  -0.00312368     0.090951    0.0534447    0.0500535   -0.0738633   -0.258713   -0.0377207      -0.13436   0.00157727
  -0.098177    -0.189452     0.222129    0.00754166     0.0502681   -0.0490448   -0.0139151   -0.0832201   -0.0860314   0.00358285   0.00645006   -0.0565621   -0.247986   -0.0194712    -0.0216198   0.00642067
 -0.0609421   -0.0674799    0.0537872    -0.0508751    -0.0963493   -0.0141641    0.0417713    -0.052827   -0.0620386  -0.00423589    0.0789206    0.0244333   -0.181323   -0.0430935    -0.0472573    0.0541641
 -0.0356865     0.281493    -0.222756     0.0846628    -0.0131204   -0.0338283    -0.146418     0.111769   -0.0241999   -0.0271864    0.0768142   -0.0291269    0.120309     -0.18387   -0.00972421  -0.00937821
   0.067129   -0.0262647    0.0319195    0.00928417     0.0679018   -0.0521135  -0.00101731   0.00592732   -0.0152717    -0.105076   -0.0203632    0.0029196   -0.111252   -0.0488751     -0.102642  -0.00172624
  -0.112585     0.154895   -0.0179374     0.0195656     0.0260837  -0.00137232     -0.10433   0.00826394   -0.0235392   -0.0136222   -0.0804061    0.0875463   0.0141648    -0.162192     0.0713937   -0.0073947
  0.0441865     0.397808    -0.378624      0.176686    -0.0431432    0.0319246    -0.118728   -0.0368358    -0.161676    0.0986827    0.0850401   -0.0214707    0.247626    -0.207796      0.134472   -0.0951577
 -0.0149949    -0.254463     0.132655    -0.0937919     -0.067162       -0.227   -0.0102233     -0.10583  -0.00958901    -0.118914    0.0330334    0.0209567   -0.199289    0.0482479    -0.0379091     0.162547
  -0.115489   -0.0451152   -0.0456918     0.0495587   -0.00864348     0.010202    -0.113516  -0.00971201   0.00651657  -0.00806373   -0.0286499   -0.0787781  -0.0773523   -0.0144915    -0.0313149    -0.102557
  0.0271299    0.0356426   -0.0408248    -0.0915014    0.00317914    0.0465356   -0.0331255    0.0567517     -0.10822   -0.0929489     0.066681   -0.0170681   -0.134731   -0.0163698    -0.0597145   -0.0256787
 -0.0242783   -0.0309504   -0.0226099    -0.0778487     0.0705105   -0.0479504    0.0434708    0.0908622  6.77156E-05   -0.0278562   -0.0997917   -0.0991999  -0.0198985    -0.161607    -0.0550274  -0.00700588
 -0.0647228    -0.172222     0.037527     -0.117876    -0.0276862    -0.101162    0.0321187    0.0816454  -0.00842078  -0.00969806   -0.0233741    -0.104329   -0.154116   -0.0478941     -0.109957    0.0560218
-0.00590827     0.136117   -0.0153531    0.00353326     0.0530634   -0.0763291   -0.0274998   -0.0797131    -0.109865   -0.0303398     0.024552     0.047436   -0.060737    -0.165718    0.00823074    0.0536785
  0.0500706     -0.25253     0.157074    -0.0334359     -0.103845    -0.196471    0.0303782   -0.0965332  0.000823384    0.0575404  -0.00536778    0.0895166   -0.340656    0.0670124     0.0177411    0.0811215
  -0.010878    0.0509704   -0.0352766     0.0784907    -0.0337332    0.0843029   -0.0277308   -0.0885204   -0.0427064    0.0744917   -0.0633512   -0.0550122  -0.0614878    -0.118053     0.0829049    -0.135786
  0.0579486      0.38376    -0.277448      0.160525    -0.0445186     0.104015    -0.177885  -0.00708872   -0.0975519   -0.0531993   -0.0680519   -0.0752473    0.185794     -0.22942      0.135027    -0.170701
 0.00651138    -0.221573    0.0912533     0.0424567    -0.0454334    -0.133091   0.00772001    0.0246782    0.0346419   -0.0753186   -0.0360503    0.0823849   -0.242922  -0.00480495    -0.0220099     0.148313
  0.0723989    0.0485759     0.108693    -0.0540466     -0.102266   -0.0111381   -0.0412514   0.00855196    -0.109291    0.0363969    0.0185648    0.0765334   -0.123402   -0.0923251     -0.032812    0.0768062
  0.0768109   -0.0089154     0.109867    0.00713824  -0.000881875   -0.0400017    0.0467001   -0.0783834    0.0575878   -0.0244996    0.0701655   -0.0423438   -0.203676   -0.0495706    -0.0426678   -0.0535707
  0.0021516    0.0833826   -0.0764112     0.0165697    -0.0189594   -0.0410764    -0.011315   -0.0115183   -0.0600866   -0.0285928    0.0640082    0.0618263  -0.0975601   -0.0347572     0.0732128    -0.123397
 -0.0232646     0.344312    -0.299637      0.103926     -0.049904    0.0387049   -0.0132674   -0.0315783    -0.114294    -0.047419    0.0352752   -0.0451239    0.169372     -0.25997     0.0131094   -0.0688981
  0.0486767      0.18894      -0.1461      0.114155    -0.0207544     0.014527    -0.152936   -0.0211262   -0.0850453   -0.0573668   -0.0660411   -0.0332226    0.072803   -0.0875471    -0.0604615    -0.123282
   -0.04635    0.0876073    -0.128217     0.0980519    -0.0645852   -0.0135451   -0.0477038   -0.0159435   -0.0649928   -0.0725425   -0.0879666   -0.0663476   0.0129687   -0.0872689     0.0488536    -0.116554
   0.097686    -0.359111     0.337716    -0.0738076     0.0635456    -0.195214     0.125699   -0.0768487   -0.0423037    -0.115617    0.0514961    0.0572322   -0.340775    0.0183211    -0.0646165     0.250058
   0.026299  -0.00854643  -0.00298864     0.0837902     0.0111416   -0.0767361    -0.137521   0.00295688   -0.0718311   -0.0643472   -0.0873459   -0.0799757  -0.0443258    -0.021743    -0.0193402   -0.0698953
  0.0519263     0.157902   -0.0549349      0.102699     -0.033425   -0.0413089    -0.123131    0.0234954    -0.111515   -0.0379608    0.0211327   0.00742071   0.0471018   -0.0686686    0.00904278    -0.120517
  0.0181994      0.11688    -0.149101  -0.000880795    -0.0563377     0.107513   -0.0900134   -0.0381662   0.00345274    -0.087662    0.0674684    -0.051157   0.0446169    -0.207318    0.00978027   -0.0598062
-0.00234037   -0.0823572     0.063319     -0.116686    -0.0516123    -0.150941   -0.0297596   -0.0351565   0.00060898    0.0609933   -0.0153907    0.0889024   -0.187065   -0.0164911    -0.0217509     0.129346
  -0.067791   -0.0136659  -0.00319668    -0.0598231    0.00174748   -0.0949963    -0.107119    0.0419845    0.0380801   -0.0611974   -0.0162236   -0.0462192   0.0200097    -0.142717    -0.0496825    0.0647271
 -0.0402925    -0.162254     0.336698      -0.11203     -0.037699     -0.20728   -0.0223151    0.0368969    0.0732385    0.0654498    -0.101236   -0.0516246   -0.295513     0.050065     -0.117866    0.0825257
   0.064341    -0.179843     0.131673     0.0153373     0.0806711   -0.0660617    0.0435517   -0.0298983   -0.0103653    0.0426159    0.0806766   -0.0838745   -0.157426   -0.0835128     -0.107737   -0.0746465
 -0.0580223   -0.0325204     0.180996     0.0278897     0.0673426    -0.137625   -0.0107519   -0.0588675    0.0521775    -0.096267   -0.0588796    -0.018018   -0.173894   -0.0254752      -0.10077     0.128199
 -0.0445241    -0.114166   -0.0307175     -0.115221    -0.0533948    -0.120413    0.0797168    0.0712122    0.0615889     -0.08627   -0.0637164    0.0473978   -0.168311   -0.0714112     0.0414346   -0.0358279
 -0.0652132    0.0215114   -0.0976856    -0.0306072      -0.10023    0.0627575   -0.0987414     0.011079   -0.0913968  -0.00933204    0.0489337   -0.0995622   0.0841711    -0.143221     0.0554092    -0.115425
 -0.0436313  0.000621213   -0.0460548      0.037527     -0.114371    0.0699102    -0.174342     0.110724     -0.11743   -0.0908669     -0.01571   0.00310613   0.0612572   -0.0472157  -0.000261836    -0.122344
 -0.0302811     0.156499   -0.0735504    -0.0245796    -0.0682647   -0.0446631   -0.0050512    0.0159024    -0.117075  -0.00973121   -0.0628972    0.0729281   0.0240273   -0.0626818    0.00470859   -0.0347079
  0.0612801    -0.111946     0.144731     -0.155419    -0.0643321    -0.113828   -0.0270033   -0.0647835    0.0942456    0.0191602    0.0533654    0.0866998   -0.244255    0.0106046    -0.0889734     0.130218
  0.0311754     0.287044    -0.193869      0.129357    -0.0864551    0.0861596   -0.0156101   -0.0661113    0.0407829   -0.0471942    0.0748008   -0.0794924   0.0359659    -0.241072       0.14344   -0.0156204
  -0.101303    0.0971013   -0.0369858     0.0928972    -0.0715929   -0.0184458    -0.107173     0.112834   -0.0762552    0.0049706   -0.0809153   0.00843959    0.025042   -0.0299219     0.0819092    -0.141583
 -0.0735937       0.1895    -0.205717      0.131818     0.0221704   -0.0283306   -0.0726761     0.123466   -0.0721833   -0.0466227  -0.00869479    -0.054194     0.11198   -0.0867871      0.118964    -0.167881
 -0.0147181    0.0290301     0.100479    -0.0690455   -0.00743836   -0.0513341   -0.0899099    0.0745435    0.0582027    -0.101076    0.0692687  -0.00345389   -0.111413   -0.0831473     -0.113436     -0.10055
 -0.0922211    -0.207635     0.230496     -0.152843      -0.03031    -0.103742    0.0096481    0.0500085    0.0898649   -0.0773276     0.074803    0.0530908   -0.161657   -0.0582867     -0.102184    0.0813981
   0.010844    -0.238135     0.101762    -0.0510223     0.0339225    -0.115594     0.128989    -0.114787    0.0937608    -0.085564   0.00378124  -0.00679642   -0.235289   -0.0570593    -0.0592732    0.0211754
 -0.0188116     0.128922    -0.163744    0.00452409    -0.0961729   -0.0186711   -0.0720381   -0.0237896  -0.00705503   -0.0760361   -0.0486393   -0.0834204  -0.0419392   -0.0390642     0.0422544    0.0364145
   0.022454     0.145235  -0.00854911      0.110423    -0.0501557    0.0636683  -0.00407228     0.102859   -0.0344293   -0.0591283    0.0708845   -0.0226603    0.016024    -0.186134   -0.00128969   -0.0390474
-0.087169  0.177354  0.140295  0.214261  -0.261372  -0.293427  -0.12857  0.325266  -0.0634309  0.137236  0.525665  -0.349826  0.0169112  -0.00249876  -0.0158153  -0.190149  0.0710575  -0.39742  0.100167  0.501144  -0.288262  -0.0708568  -0.118272  0.0758108  0.426773  0.216422  0.144917  -0.598358  0.012991  0.164051  0.211727  -0.207933  -0.00380366  -0.453015  -0.162059  -0.211035  -0.129987  0.139538  0.121323  0.129796  -0.301373  0.337513  0.146448  0.276116  -0.0658635  -0.324118  -0.307528  0.117488  0.13957
