 -0.0700084    -0.0121672    0.0137516   0.0495533    0.0703864     0.015526    -0.084245   0.0245266   -0.0424916    -0.0519507   -0.0578969   -0.0558285     0.0489777   -0.0822465   -0.0841761     0.0469035
  0.0620477   -0.00729379  -0.00421134  -0.0707964    0.0924848    0.0590897    0.0948477  -0.0922795  -0.00613838     0.0289314    0.0374426   -0.0920386     0.0113366    0.0863108   -0.0260209     0.0768524
 -0.0412756     0.0652081   -0.0144288  -0.0972254    0.0572007   0.00546853    0.0110782  0.00608458    0.0891589       0.03634    0.0623925   -0.0173982    -0.0535229   0.00904066   -0.0421505     0.0574058
  0.0419742     -0.104847    0.0796097    0.057357   -0.0639823   0.00887326       0.0213   0.0377872   -0.0233227     0.0805605   -0.0222581    0.0164026     0.0215602   -0.0443711    0.0662064    -0.0322566
  0.0657316    -0.0155857   -0.0595921    0.016902   -0.0979388     0.088454    0.0935476   0.0222264   -0.0916623    -0.0810912   -0.0671301    0.0261274    -0.0164546   -0.0899375   -0.0164829    -0.0536566
 -0.0549812    -0.0596356   -0.0814489   0.0678432   -0.0774387   -0.0757748    0.0680544  -0.0403662   -0.0217485     0.0182028   -0.0668445    0.0889077    -0.0859135   -0.0207827    0.0912585    -0.0822346
  0.0547471      0.121678   -0.0124582  -0.0728047    0.0396236   -0.0521852    0.0768911   -0.058426   -0.0669089    0.00149608  -0.00719145   -0.0850499    -0.0484179      0.05967     0.100375    -0.0350021
  -0.090725  -0.000242815   -0.0368062   -0.066726    0.0408355   -0.0799466   -0.0201461  -0.0502104    0.0220578    -0.0436214    0.0570917     0.031838     0.0486106    0.0359764   -0.0624848     0.0102686
 -0.0423243    -0.0311562    0.0497859   0.0402871   0.00471803   -0.0944143   -0.0685054   0.0287159    0.0895319     0.0267043   -0.0224144   -0.0538608    -0.0677414    0.0470253   -0.0660753     0.0217464
 -0.0292979    0.00639476    0.0424701   0.0970799   -0.0899754    0.0758187    -0.074152   0.0718918   -0.0788196     0.0794105   -0.0807707    0.0090379   -0.00853251     0.055884   -0.0438558    0.00183103
   0.010541     0.0214936    0.0189237  -0.0542063    0.0051541   0.00122366   -0.0801453  0.00617788    0.0502597  -0.000827659   -0.0954933   -0.0946988    -0.0249543   0.00269834    0.0224474    -0.0900371
 -0.0317975     0.0542073    0.0490263  -0.0668994   -0.0533601    0.0128828    0.0148875   0.0714817   -0.0145747    -0.0679588   -0.0845528   -0.0784071      0.018442    0.0581712   -0.0760313      0.041031
 -0.0607499     0.0364749    0.0833979  -0.0969915    0.0607084      0.08059    0.0403983  -0.0143967   -0.0366065    -0.0372901   -0.0800478    0.0659641     0.0617546   -0.0383182   -0.0012988   -0.00520696
-0.00808185    -0.0328176    0.0724236   0.0559728   -0.0366202     0.080019   -0.0935695  -0.0307828   -0.0818888    -0.0372036   -0.0957698   -0.0160187     -0.115517    0.0371445    0.0763446    -0.0334757
 -0.0294211      0.122946    -0.107057   0.0287435   0.00342366    0.0872905   -0.0951028   0.0500581    0.0846589    -0.0495938  -0.00204853   -0.0924561      0.057806    0.0444042    0.0208034     0.0195589
 -0.0298753     0.0451304    0.0741343  0.00078946    0.0749055    0.0336601    0.0839054   0.0293071    0.0435965     0.0122678    0.0362788    -0.098439    -0.0440583    0.0213366   -0.0583522  -7.17479E-05
   0.097224    -0.0215394   -0.0100148  -0.0959246    0.0868937  -0.00288365    0.0474642  -0.0902243   -0.0247088     0.0354459    0.0113964   -0.0360995    -0.0461797  -0.00252034   -0.0162524     0.0611427
 -0.0314985    -0.0233744   -0.0403994    0.013761  -0.00804582   -0.0232364   -0.0648818   0.0966422     0.067676    -0.0326211   -0.0290531     0.048411     0.0738615    0.0156116   -0.0393486    0.00146937
  0.0632435    -0.0941342   -0.0469426   0.0873059   -0.0170501    -0.082805   -0.0693579  -0.0141948  -0.00261441       0.09183    -0.027977   -0.0352417    -0.0592522   -0.0863003   -0.0517898    -0.0570242
 -0.0376304      0.101091   -0.0815316  -0.0633213   0.00517692   -0.0647392   -0.0536135  -0.0874649   -0.0761638    -0.0599878   -0.0194291   -0.0357315     0.0449163   -0.0885416   -0.0443599     0.0586155
  0.0353646    -0.0274868   0.00842816  -0.0704765    0.0829299   -0.0772501   -0.0527207  -0.0787406    0.0956723    -0.0279067    0.0614182    0.0306017    0.00998944   -0.0504064   -0.0788252    0.00484734
 -0.0347058    -0.0147992   -0.0311143   0.0595474   -0.0431844    0.0917085   -0.0986256   0.0776076   -0.0370235     0.0812577    0.0521233   -0.0767426     0.0840798    0.0713159   -0.0799561    0.00317831
 -0.0239445      0.070075      0.03284   0.0945239   -0.0229269    0.0629928    0.0706453  -0.0875791   0.00827255     0.0571001    -0.016416   -0.0180974   -0.00369176    0.0816173   -0.0417834      0.058452
  0.0489927      0.109174   -0.0367602   0.0396301   -0.0248559   -0.0124202    0.0136272  -0.0480181    0.0252756    -0.0616135   -0.0035002    0.0990089    -0.0471514   -0.0136823    0.0457326    -0.0775934
  0.0776104    -0.0503021    0.0706652   0.0197762    0.0853618   -0.0053504    0.0115228   0.0420117    0.0507587    -0.0751854    0.0169694  -0.00475352     0.0565632    0.0926547  -0.00668893    -0.0366341
 -0.0656544    -0.0522856   -0.0816104  -0.0683534   -0.0998397    0.0081998   -0.0829238   0.0458307    0.0569864     0.0307628   -0.0229168   -0.0843073    0.00058318   -0.0380998    0.0425306    -0.0445081
  -0.092447    -0.0786587    0.0774888  0.00397973    0.0604317   -0.0037994    0.0618479   0.0935244    0.0272414    -0.0461704    0.0958183    0.0566209     0.0732686   -0.0643668   -0.0959716     0.0331881
 -0.0384357     0.0383881    0.0804314   0.0173902     0.074356     0.045923    0.0636083   0.0734095   -0.0650729     0.0598364   -0.0653656    0.0274905   -0.00325898    0.0533839    0.0790154    -0.0649581
  0.0903152  -0.000864884   -0.0360284  -0.0602954    -0.031375    0.0355947   -0.0316095  -0.0652954   -0.0240782    -0.0582236   -0.0800694    0.0888293      0.106575   -0.0226574   -0.0241989    -0.0226715
 -0.0950245    -0.0966549   -0.0218544  -0.0445527   -0.0663429   -0.0265744   -0.0832564   0.0296834    0.0283352     0.0378714    0.0289046   -0.0330205    -0.0703515  0.000757592    -0.082937     0.0218802
 -0.0466878     0.0375863   -0.0537993  -0.0389661    0.0879612    0.0899094    0.0253522  -0.0205178   0.00252528   -0.00704309    0.0427469     0.084741    -0.0430065   -0.0331169    0.0621844     -0.055021
  0.0539211     0.0752848    0.0589957   0.0178537    0.0547167    0.0954962   -0.0325931  0.00365602    0.0440364     0.0874119    0.0384689    0.0669007    -0.0571872    0.0400296   -0.0972036     -0.033565
 -0.0626649     0.0645553   -0.0827058   0.0243919   -0.0837213   -0.0583567     0.040863    0.079489    0.0339649     0.0865162   -0.0243498    0.0472057    0.00320923   -0.0383998    0.0704441    -0.0808068
  0.0428573    -0.0399145    0.0459877  -0.0107796  -0.00365776    0.0390779    0.0807226   0.0561651    -0.053579     -0.100307    0.0874421    0.0134624    -0.0285896    0.0411079     0.041588     0.0153072
 -0.0647813    -0.0860372   -0.0815194   0.0705655    0.0347696    0.0165498   -0.0672381   0.0342985    -0.075389     -0.100483    0.0907448    0.0563673    -0.0457874    0.0194221     0.069547      0.045468
 -0.0953817     0.0661902   0.00295951  -0.0131649    0.0359335     0.105781   -0.0499318   0.0638107     0.073303    -0.0710747    0.0513307   -0.0342933    -0.0170048   -0.0691392    0.0364777    -0.0725894
 -0.0705501      0.038504   -0.0872314   0.0877087   -0.0912173    0.0379912    0.0114982   0.0539191   -0.0281471     0.0409826    0.0922534   -0.0994011       0.06866   -0.0205023   -0.0839271     0.0695589
   0.043577     -0.101944    0.0937556   -0.100299  -0.00264346   -0.0800835     0.062564  -0.0915352    0.0630746    -0.0105907   -0.0167141   -0.0299997     0.0608421    0.0539936   -0.0432016     0.0252035
 -0.0113791    -0.0912261    0.0449343  -0.0352168    0.0925658    0.0817337   -0.0927784   0.0241696   -0.0360722    -0.0518413   -0.0447483    0.0614368     0.0649467    0.0453635    0.0316915   -0.00279822
-0.00632906     0.0335209   -0.0685783   0.0901379    0.0305903    0.0178195     -0.05929   0.0788397    -0.054779    -0.0513125   -0.0714747   -0.0148874  -0.000100554     0.075045    0.0350453     -0.026146
  0.0896468      0.107849   -0.0844145   0.0578811    0.0495144   -0.0822081    0.0808795  -0.0240654   -0.0669488     0.0728536    0.0105857   -0.0517344     0.0884227    0.0285891    0.0507701     0.0706583
 -0.0326651     0.0364226   -0.0159923  -0.0130658    0.0576194    0.0064584  -0.00482203  -0.0117209    0.0490505     0.0383119    0.0818796   -0.0588882     0.0711657   -0.0375695    0.0216616     -0.014249
  0.0601746     0.0597651   -0.0471122  -0.0301898    0.0396983    0.0156194    -0.044821    0.013738   0.00119027     0.0392164    0.0311306    0.0316742    -0.0132653  0.000339223   -0.0192159    0.00869697
  0.0128728     -0.104583    0.0887043  -0.0838975   -0.0696745   -0.0214812    0.0328882  -0.0334369   -0.0974599     -0.027556   -0.0992349   -0.0654729     -0.049818   0.00332718    0.0880898     0.0613042
  0.0821617     -0.107456    0.0186114  -0.0159198    0.0270133   -0.0853861   -0.0680996   0.0718549   -0.0414301     0.0662642    0.0648893    0.0574105    -0.0392084   -0.0647759   0.00131552     0.0317739
   0.056593     0.0433423   -0.0166405  -0.0278056    0.0269512   -0.0325877    0.0307714    0.100377     0.039983    -0.0637785   -0.0457422   -0.0206628    -0.0355106    -0.074592    0.0446612     0.0671535
  0.0230275    -0.0393581    -0.091683  -0.0483618    0.0871519    0.0729119    0.0519996  -0.0573345    0.0703492     0.0134372    0.0696094   0.00937532    0.00619236   -0.0623506   -0.0035743    0.00550989
  0.0511503    -0.0311632   -0.0408053  -0.0794674   -0.0463212    0.0444117    0.0769969  -0.0134856    0.0880859     0.0821224    0.0791506  -0.00577932    -0.0843496    0.0267569    -0.076973      0.086814
0.194019  0.0668822  0.0813664  0.0730389  -0.049571  0.11896  -0.0412458  0.130459  -0.00853974  -0.0483405  0.126733  0.0629062  0.020212  0.0964388  -0.0778261  0.207856  0.0746664  -0.0437845  0.144622  -0.052371  0.0743779  0.0432309  0.137174  -0.000888184  0.108366  0.081123  0.109747  0.0348942  0.115855  0.157118  -0.0839419  0.0585822  0.111187  0.133141  0.01336  -0.0104312  0.150462  0.035544  -0.00459861  -0.0223785  0.0741516  0.155102  0.0745119  0.100727  -0.0230298  -0.0588486  0.118443  0.00884332  0.0203577
