 -0.0794811     0.137309    -0.132453   0.0779215    0.0580163    0.0517481   -0.0737233    0.0125774     0.0146488    0.0636345   -0.0167984   -0.0236092   0.0450197   -0.0728222    -0.0420012    -0.144744
   0.081223    0.0485125    -0.190447  -0.0765931   -0.0098469    0.0329182    -0.153911   -0.0569281     0.0570521    0.0491122    0.0537466   -0.0388721   0.0325711    -0.087326    -0.0118536    -0.118469
   0.037902     0.173343    -0.135405    0.111475   -0.0692071    0.0243603    -0.014032    0.0769498    -0.0269199    -0.103505   0.00460715    0.0811403   0.0754808     -0.10836    -0.0496143     -0.13142
 -0.0328939   -0.0883488     0.168531    -0.12931    0.0235648  0.000329514  -0.00520057  -0.00114622     0.0867439    0.0532594     0.049121   -0.0743109   -0.265473   -0.0532961     -0.135273   -0.0054153
  -0.101098    -0.186723      0.20996  0.00616596    0.0485158   -0.0515208   -0.0233247   -0.0813679    -0.0908257   0.00313954   0.00537476   -0.0570688   -0.255831   -0.0359674    -0.0229718  -0.00117779
 -0.0619362   -0.0656109    0.0484229  -0.0512413   -0.0971585   -0.0148648    0.0377324   -0.0517705    -0.0641919  -0.00393389    0.0785245    0.0242414   -0.184448   -0.0504868    -0.0475776     0.050879
 -0.0330791     0.276073    -0.213913     0.08888  -0.00917638   -0.0266971    -0.134318     0.110222    -0.0190693   -0.0279671    0.0779597   -0.0291891    0.140037    -0.156449    -0.0095703  -0.00265416
  0.0667038   -0.0251935    0.0292549  0.00898121     0.067273   -0.0526228  -0.00277563   0.00659543    -0.0163613    -0.104725   -0.0204902   0.00282154   -0.113198   -0.0529687     -0.102749  -0.00342112
  -0.111504     0.152647   -0.0133795   0.0209679    0.0274311  0.000374692   -0.0998122   0.00756823    -0.0217075   -0.0139426   -0.0798884    0.0876195   0.0194523    -0.152996     0.0716196  -0.00427161
  0.0511574     0.390689    -0.359411    0.180742   -0.0368394    0.0489865   -0.0924272   -0.0409667     -0.146696     0.100983    0.0874093   -0.0215482    0.296224    -0.146228      0.135991   -0.0802773
 -0.0192847    -0.251552     0.117372  -0.0954126   -0.0700048    -0.231587   -0.0246424    -0.103384    -0.0165262    -0.122151    0.0317265    0.0203243   -0.213221    0.0233437    -0.0399551     0.153279
  -0.115089   -0.0452263   -0.0450163   0.0500011  -0.00839982    0.0110409    -0.112054  -0.00966552    0.00698866   -0.0076061   -0.0285013   -0.0787731  -0.0752249   -0.0119306    -0.0311879    -0.102077
  0.0272978    0.0358298   -0.0409294  -0.0913031   0.00317352    0.0469021   -0.0325997    0.0569116     -0.108171   -0.0925899    0.0667617   -0.0170802   -0.133991   -0.0157983     -0.059627   -0.0257147
  -0.024238   -0.0305366   -0.0232736  -0.0777396    0.0704205   -0.0477703    0.0434682    0.0911333  -0.000124387   -0.0274588   -0.0997694   -0.0992198  -0.0197711    -0.162116    -0.0549849  -0.00740457
 -0.0663281    -0.169972    0.0299407   -0.118258   -0.0287714    -0.102516    0.0261308     0.083215    -0.0115513  -0.00975028   -0.0240145    -0.104588   -0.159218   -0.0588264     -0.110693    0.0512794
-0.00540442     0.135139    -0.013213  0.00404323    0.0535059   -0.0758911   -0.0255483   -0.0800094      -0.10916   -0.0305354    0.0248577    0.0474711  -0.0594522    -0.162572    0.00844463    0.0551484
   0.045805     -0.24921     0.139778  -0.0344625    -0.105723    -0.199478    0.0159085   -0.0938498   -0.00655484    0.0559058  -0.00694202    0.0887992   -0.351662    0.0436609     0.0156489    0.0707587
-0.00978665    0.0493794   -0.0315163   0.0797805    -0.032782     0.086378   -0.0230705   -0.0890534    -0.0406963    0.0745737   -0.0628923   -0.0549556  -0.0553501    -0.108954     0.0831375    -0.133164
   0.063259     0.376154    -0.263955    0.166347   -0.0378543     0.120542     -0.15539  -0.00912009    -0.0870686   -0.0533902   -0.0661597   -0.0754178    0.228838    -0.175987      0.135384    -0.159634
 0.00345341    -0.218913    0.0792147    0.040724   -0.0473752    -0.136126  -0.00248622    0.0266431     0.0296663   -0.0764356    -0.037161     0.081907   -0.251485   -0.0222105    -0.0235191     0.140948
  0.0720083    0.0498461     0.105658  -0.0541303    -0.102782   -0.0112003   -0.0430154   0.00917048     -0.110314    0.0368531    0.0184008    0.0764222    -0.12441   -0.0959061    -0.0328832    0.0750033
  0.0758858  -0.00702436      0.10458  0.00657183  -0.00163212   -0.0405644    0.0428732   -0.0773134     0.0555113   -0.0241101    0.0698226   -0.0425306   -0.206761   -0.0569033    -0.0429397   -0.0567726
 0.00297078     0.082267   -0.0736363   0.0174035   -0.0182681   -0.0397217  -0.00785688   -0.0119233    -0.0586853   -0.0284194    0.0643684    0.0618786  -0.0934346   -0.0284241     0.0734424    -0.121485
 -0.0193871     0.337476    -0.288688    0.109272   -0.0452878    0.0499089   0.00528624   -0.0334488     -0.106651   -0.0484174    0.0369078   -0.0452767    0.200399    -0.219657     0.0133058   -0.0602019
  0.0513837     0.185292    -0.138359    0.117238   -0.0174544    0.0217758    -0.141285   -0.0223018    -0.0796538   -0.0563598   -0.0652321   -0.0331621   0.0930936   -0.0612823    -0.0602223    -0.117629
 -0.0448013    0.0852512    -0.123348   0.0999685   -0.0628418  -0.00999171    -0.040779   -0.0167524    -0.0619945   -0.0722614   -0.0873893   -0.0663073    0.023099   -0.0731589     0.0491111    -0.113051
  0.0899729    -0.355501     0.313279  -0.0773167    0.0600875    -0.203066     0.102493   -0.0730379    -0.0540065    -0.121135    0.0489581    0.0564276   -0.363156   -0.0204926    -0.0686571     0.234403
  0.0266532  -0.00861015  -0.00242836   0.0841927    0.0113514   -0.0760307    -0.136265   0.00301306    -0.0714616   -0.0639179   -0.0872129   -0.0799726  -0.0425484    -0.019614    -0.0192166   -0.0694993
  0.0541797     0.155168   -0.0481774    0.105066   -0.0309234   -0.0360499    -0.113631    0.0225279     -0.107267   -0.0368057    0.0218234   0.00753797   0.0623133   -0.0483055    0.00938609    -0.115834
  0.0195957     0.113291    -0.143596  0.00140005   -0.0543649     0.110484    -0.083506   -0.0391257    0.00590498   -0.0885488     0.068249   -0.0511788   0.0528205    -0.193988    0.00993732   -0.0556824
-0.00418729   -0.0796899    0.0542822   -0.117131   -0.0528581    -0.152129   -0.0367411   -0.0336422   -0.00288789    0.0606993   -0.0160856     0.088574   -0.192655   -0.0291593    -0.0224617     0.124009
 -0.0676842   -0.0135001  -0.00333105  -0.0596946   0.00172507     -0.09476    -0.106818    0.0420993     0.0380988   -0.0609568   -0.0161645   -0.0462272   0.0204223    -0.142494    -0.0496176    0.0646814
 -0.0452212    -0.158304     0.316886   -0.113334    -0.040225     -0.21101   -0.0385695    0.0404375     0.0642256    0.0626344    -0.102937   -0.0524218   -0.309761    0.0219752     -0.120231    0.0702403
  0.0629575    -0.177675     0.124405   0.0146959    0.0796583   -0.0672613    0.0384301   -0.0283705    -0.0134635     0.043288    0.0801302   -0.0841399   -0.162208   -0.0936891     -0.108307   -0.0792576
 -0.0603601   -0.0299691     0.171329   0.0263109    0.0653882    -0.140224   -0.0188954    -0.057257     0.0481358   -0.0973152   -0.0595911   -0.0183881   -0.182209   -0.0410836     -0.101693     0.122351
 -0.0454039    -0.112551   -0.0351223   -0.115516   -0.0539136    -0.120819    0.0761467    0.0721407     0.0599492   -0.0860575   -0.0641226     0.047278   -0.170468   -0.0772587     0.0410281    -0.038564
  -0.063706    0.0191657   -0.0931097  -0.0289867    -0.098519    0.0664775   -0.0920192    0.0103744    -0.0885008  -0.00887649    0.0494954   -0.0995313   0.0947027    -0.128936     0.0556009    -0.112065
 -0.0418073   -0.0013453   -0.0412152   0.0395376    -0.112312    0.0745765    -0.166803     0.110088     -0.114077   -0.0895651   -0.0151827   0.00319574    0.073948   -0.0308974   9.12992E-06    -0.118894
 -0.0282138     0.154347   -0.0676082   -0.022714   -0.0663887   -0.0401838   0.00382406    0.0151423     -0.113309   -0.0081206   -0.0622974     0.073058     0.03764   -0.0445442    0.00506328   -0.0307838
  0.0581055    -0.108291     0.130933   -0.156657   -0.0662787    -0.116237   -0.0385667   -0.0625634      0.088692    0.0175213    0.0522834    0.0861731   -0.254371   -0.0100457    -0.0901837     0.122089
  0.0337077     0.281459    -0.184461    0.133892   -0.0834431    0.0913556  -0.00361153   -0.0677352     0.0454346   -0.0488939    0.0761609   -0.0795564    0.050683    -0.217873      0.143865  -0.00868421
 -0.0989631    0.0946504   -0.0303127    0.095139   -0.0692743   -0.0130027   -0.0972546     0.111945    -0.0717896   0.00676119   -0.0802676   0.00857095   0.0411881  -0.00880993     0.0822534    -0.137081
 -0.0698826     0.184705    -0.194932     0.13495     0.025861   -0.0189325   -0.0565783     0.121496    -0.0640924   -0.0448943  -0.00755414   -0.0541439    0.139878   -0.0508088       0.11937    -0.159976
 -0.0150814    0.0300248      0.09821  -0.0692626  -0.00786559   -0.0515101   -0.0914134    0.0750209     0.0574868      -0.1009     0.069114  -0.00352911   -0.112402   -0.0861173     -0.113554     -0.10195
 -0.0958704    -0.204267     0.216127   -0.154499   -0.0326089    -0.107223  -0.00293938    0.0524707     0.0839227   -0.0798023    0.0736084    0.0525023   -0.173347   -0.0806743     -0.103797    0.0727458
 0.00751537    -0.235149    0.0887585  -0.0525943    0.0324002    -0.118579     0.117435    -0.112603     0.0883367   -0.0866572    0.0025882  -0.00730041   -0.245156   -0.0765979    -0.0608677     0.013263
 -0.0174534      0.12701    -0.159528  0.00603519   -0.0947869   -0.0158804   -0.0661844    -0.024407   -0.00464058   -0.0754573   -0.0481255   -0.0833787  -0.0338633   -0.0275029     0.0425399    0.0393431
  0.0239634     0.142921  -0.00331127    0.112368    -0.048556    0.0667168   0.00239837     0.102025    -0.0317545   -0.0590229    0.0715124   -0.0225742   0.0244738    -0.173451  -0.000966934   -0.0354056
-0.0210395  0.190802  0.147093  0.226306  -0.243299  -0.274208  -0.112422  0.329495  -0.0467232  0.143799  0.545491  -0.326112  0.0292411  0.00898402  -0.00555582  -0.175328  0.0785276  -0.373612  0.109341  0.50986  -0.267686  -0.0572934  -0.100132  0.0857964  0.432521  0.229452  0.155107  -0.564619  0.0259169  0.178142  0.216025  -0.190742  0.00646463  -0.426436  -0.144581  -0.188223  -0.118066  0.148626  0.13743  0.146589  -0.27904  0.34184  0.163954  0.294788  -0.0557667  -0.301952  -0.286569  0.128661  0.150548
