  -0.0873834     0.158408    -0.158315    0.0686742    0.0444105    0.0155569   -0.0971233    0.0117225    0.0104505    0.0541419   -0.0189282   -0.0267274  0.000467559    -0.14894   -0.0347359    -0.152874
    0.076074    0.0643757     -0.20894   -0.0813112   -0.0188574   0.00898729     -0.16918   -0.0576181    0.0549973    0.0429124    0.0523338   -0.0409415   0.00482046   -0.138157  -0.00625502    -0.124146
   0.0306253      0.20006    -0.164904     0.101146   -0.0834862   -0.0140607   -0.0348904      0.07585   -0.0290084    -0.111833   0.00236392    0.0776445    0.0332581   -0.187723   -0.0380892     -0.13897
  -0.0277309    -0.116011     0.211344    -0.128065      0.03571    0.0292218   0.00211751  -0.00267297    0.0840826    0.0611462      0.05268   -0.0704871    -0.257496   0.0022496    -0.149209   0.00355525
  -0.0932166    -0.213228     0.256044    0.0134122     0.060777   -0.0104899  -0.00720533   -0.0825868   -0.0905174     0.017416    0.0108889   -0.0532785    -0.238683   0.0296896   -0.0362551   0.00961868
  -0.0618174   -0.0815838    0.0685762   -0.0500437   -0.0922168    -0.003656    0.0346185   -0.0523129   -0.0664354  -0.00140582    0.0798467     0.024875    -0.186852  -0.0291873   -0.0592877    0.0515915
   -0.037416     0.317923    -0.250623    0.0761407   -0.0256051   -0.0638438    -0.146323      0.10847    -0.015035   -0.0354596    0.0754791   -0.0319441     0.109906   -0.238169    0.0119796  -0.00807565
    0.065788   -0.0356218    0.0402904    0.0091769    0.0704165   -0.0464356  -0.00816832   0.00649387   -0.0183152    -0.104915   -0.0199075   0.00294554    -0.115373  -0.0412094    -0.111418  -0.00456091
   -0.115269     0.168369   -0.0317891    0.0159669    0.0200413   -0.0172276    -0.110059   0.00741483   -0.0208543   -0.0192503   -0.0815754    0.0852722   0.00722592   -0.188227    0.0770589  -0.00995927
   0.0345072     0.458365    -0.430219     0.163673    -0.070935   -0.0493102    -0.129318   -0.0445335    -0.152493    0.0824253    0.0808297   -0.0274252     0.193957   -0.334359      0.17085   -0.0980373
  -0.0123871    -0.283572     0.170259   -0.0935896   -0.0547894    -0.187812     -0.01725    -0.105075    -0.015401    -0.111021    0.0366748    0.0232258    -0.197003     0.09411   -0.0611156     0.162477
   -0.117709   -0.0461257   -0.0463264    0.0480049   -0.0099407    0.0054753    -0.120513  -0.00977787   0.00478303   -0.0102925    -0.028868   -0.0795254    -0.085733  -0.0232628   -0.0344968    -0.104972
   0.0248799    0.0328723   -0.0396823   -0.0925876   0.00246213    0.0437577    -0.040258    0.0568584    -0.110011   -0.0942798    0.0665116   -0.0180546    -0.142162  -0.0215338   -0.0645662   -0.0288843
  -0.0264588   -0.0342987   -0.0212534   -0.0790186    0.0703342   -0.0506101    0.0354975    0.0910752  -0.00150648   -0.0299222    -0.100056   -0.0998311   -0.0271042    -0.16596   -0.0598861   -0.0100125
  -0.0641029    -0.189185    0.0571849    -0.118277    -0.020841   -0.0833017    0.0264478     0.082423   -0.0132693  -0.00606105   -0.0217328    -0.103045    -0.154629  -0.0240603    -0.122927    0.0553261
 -0.00761109     0.142206   -0.0222134   0.00181852    0.0502577   -0.0836468   -0.0312137   -0.0799204    -0.107958   -0.0335532    0.0236654    0.0458158   -0.0623026   -0.176193   0.00962232    0.0510302
   0.0542903    -0.282601     0.199545   -0.0289051   -0.0915767    -0.150039    0.0272803   -0.0962042  -0.00576599    0.0716566  0.000734624    0.0928377     -0.34107    0.114509  -0.00365911    0.0843526
  -0.0149399    0.0607739   -0.0470444     0.074073   -0.0399602    0.0662374   -0.0368738   -0.0891988   -0.0412114    0.0683615   -0.0647399   -0.0575157   -0.0741653    -0.14652    0.0845564    -0.139916
   0.0526484     0.439917    -0.321403      0.14433   -0.0646308    0.0431201    -0.182629   -0.0137336   -0.0869224   -0.0658416   -0.0704992   -0.0800291     0.152057   -0.331077     0.167262    -0.170658
  0.00810098    -0.246405     0.122677    0.0464254   -0.0363363    -0.102468   0.00158891     0.025665    0.0280931   -0.0666596   -0.0322843    0.0845413    -0.244969    0.031571   -0.0405642     0.147592
   0.0707261    0.0397305     0.116714   -0.0538562    -0.100857  -0.00773735   -0.0479229    0.0088999    -0.112062    0.0374648    0.0188929    0.0761128    -0.130126  -0.0876439   -0.0415326    0.0735469
   0.0757858   -0.0228974     0.124286    0.0075733   0.00360787   -0.0303295    0.0388193   -0.0779203    0.0531618   -0.0226855     0.070998   -0.0416531    -0.209567  -0.0363971   -0.0542213   -0.0557884
-0.000935877    0.0899821   -0.0846968    0.0135896   -0.0233676   -0.0539375   -0.0185172   -0.0119613   -0.0591675   -0.0329371    0.0629811    0.0599217    -0.106736  -0.0546109    0.0739947    -0.126823
  -0.0267116     0.395177    -0.339255    0.0921946   -0.0687414   -0.0105253   -0.0119167   -0.0365184    -0.100034   -0.0593818    0.0325469   -0.0496952     0.150778   -0.339857    0.0430465    -0.068151
    0.043673      0.21037    -0.166511     0.106296    -0.031681   -0.0171775    -0.165026   -0.0237458   -0.0840868   -0.0653419   -0.0671282   -0.0359903    0.0439844   -0.145653   -0.0495481    -0.124922
  -0.0497778     0.102152    -0.142931    0.0930199   -0.0718089   -0.0346652   -0.0544779   -0.0173104   -0.0625844    -0.078279   -0.0891239   -0.0684122  -0.00162123   -0.122321    0.0553818    -0.118823
    0.104521    -0.407614     0.403747   -0.0713155    0.0847707    -0.120207     0.118911   -0.0770355   -0.0505283   -0.0960638    0.0593258    0.0634534    -0.336377    0.100137   -0.0997853     0.252006
   0.0243601  -0.00978895  -0.00327477    0.0826355     0.010123   -0.0801585    -0.143539   0.00297286   -0.0731042   -0.0661034   -0.0875051   -0.0806483   -0.0509919   -0.028289   -0.0224878   -0.0722066
    0.047364     0.174054   -0.0715961    0.0964089    -0.042194   -0.0669192    -0.133522    0.0218721    -0.110396   -0.0450118    0.0199037   0.00493603    0.0264749   -0.112268    0.0161615    -0.123239
   0.0146778     0.138896    -0.169862  -0.00631688   -0.0652569    0.0825005   -0.0968709   -0.0401605   0.00773276   -0.0951677    0.0660299   -0.0543672    0.0307384   -0.251376    0.0200045   -0.0621791
 -0.00263823    -0.101626    0.0850342    -0.116418   -0.0455702    -0.133729   -0.0371677   -0.0345282   -0.0042779    0.0658215   -0.0134448     0.089743     -0.19343  0.00426294   -0.0375634     0.127398
  -0.0694776    -0.015477  -0.00288995   -0.0605633   0.00120168    -0.097451    -0.112705    0.0420996    0.0370577   -0.0625317   -0.0164126    -0.046858    0.0145996   -0.146745   -0.0528572    0.0622877
   -0.033951    -0.196083     0.386231      -0.1136   -0.0204157    -0.152471   -0.0249421    0.0365852    0.0666594    0.0766069   -0.0952164   -0.0475807    -0.289435    0.111064    -0.140017    0.0888165
   0.0656437    -0.196623     0.151692    0.0172469     0.088189   -0.0461492    0.0404711   -0.0292407   -0.0153914    0.0475209    0.0827396   -0.0818747    -0.155756  -0.0569933    -0.119414   -0.0743743
  -0.0573578   -0.0537926     0.205453    0.0292298    0.0754393    -0.115364    -0.016631   -0.0580685    0.0473477   -0.0915103    -0.056695    -0.016345    -0.174779  0.00493033     -0.11671     0.126697
  -0.0462399    -0.126186   -0.0188302    -0.116152   -0.0500489    -0.113683    0.0699887    0.0717763    0.0577527   -0.0855807   -0.0630206    0.0472797    -0.176046   -0.063721    0.0300723   -0.0387075
  -0.0695825    0.0354031    -0.112048   -0.0352706    -0.107653    0.0397182    -0.108995   0.00956916   -0.0903687   -0.0158601    0.0478793    -0.101891     0.064505   -0.182805    0.0607649    -0.118406
  -0.0487712   0.00963138   -0.0571744    0.0324127    -0.121236    0.0476262      -0.1883     0.109282    -0.119674   -0.0967933   -0.0163056  0.000901815    0.0353449  -0.0875904   0.00213505    -0.125614
  -0.0349164     0.169936   -0.0885166   -0.0286699   -0.0761437   -0.0681454   -0.0157431    0.0148185    -0.115879   -0.0164043   -0.0641529    0.0704321   0.00546734    -0.10107   0.00977188   -0.0382201
   0.0625046    -0.140399     0.179452    -0.156214   -0.0532863   -0.0841369   -0.0349429   -0.0642079    0.0871745    0.0264131    0.0561275    0.0891476    -0.248529   0.0489658    -0.110431       0.1293
   0.0278063     0.327641    -0.230984     0.120816    -0.101003    0.0464302   -0.0117778    -0.068612    0.0546182   -0.0579931    0.0712407   -0.0838885    0.0344544   -0.295785     0.163993   -0.0195778
   -0.106316      0.11088    -0.052249    0.0870763   -0.0801392   -0.0440209    -0.118611     0.111424   -0.0760751  -0.00180666   -0.0820683   0.00608802   0.00285426  -0.0727403    0.0870263    -0.144877
  -0.0793454     0.220768    -0.233812      0.12234   0.00612006   -0.0715653   -0.0832965     0.119878   -0.0693961   -0.0560009   -0.0101578   -0.0572954    0.0778937   -0.161254     0.136795    -0.169032
  -0.0152117      0.02236     0.106979   -0.0691509  -0.00558591   -0.0470012   -0.0926463    0.0749284    0.0563406    -0.100092    0.0695514  -0.00325238    -0.113065  -0.0758318    -0.118922    -0.101833
  -0.0897708    -0.237342     0.267721    -0.154401   -0.0166285   -0.0695734    0.0015299     0.050458    0.0817629   -0.0712808    0.0776349    0.0562962    -0.162565  -0.0138499    -0.123647    0.0815213
   0.0119244    -0.265906     0.136326   -0.0512338    0.0457985   -0.0846448     0.118725    -0.113926    0.0857219   -0.0791315   0.00717071  -0.00400635    -0.238718  -0.0188541   -0.0802035    0.0209451
  -0.0219323     0.140867    -0.176435   0.00123463    -0.101962   -0.0361013   -0.0784465   -0.0247794  -0.00510927   -0.0810435   -0.0496152   -0.0852561   -0.0533747   -0.067682    0.0470944    0.0338011
   0.0180282     0.160149    -0.024731     0.104863   -0.0581701    0.0407212     -0.01336       0.1017   -0.0318283    -0.066206    0.0692894   -0.0257516   0.00111744   -0.223162   0.00361043   -0.0431214
-0.176613  0.163572  0.138029  0.216114  -0.29737  -0.337367  -0.150064  0.352674  -0.0862596  0.146466  0.553192  -0.370411  -0.0106403  -0.0268529  -0.0171405  -0.209018  0.0806572  -0.42658  0.0864681  0.533727  -0.309898  -0.0879767  -0.137624  0.0726661  0.464949  0.209393  0.146535  -0.640328  -0.00751447  0.154904  0.223779  -0.220651  -0.00306779  -0.490131  -0.198617  -0.232737  -0.125825  0.132106  0.084874  0.127563  -0.326107  0.376978  0.127278  0.278702  -0.0802789  -0.352499  -0.323765  0.127739  0.138821
